Time (s),      MJD UTC     ,      ECI X (km)    ,      ECI Y (km)    ,      ECI Z (km)    ,      ECI U (km/s)    ,      ECI V (km/s)    ,      ECI W (km/s)    ,  Semi-Major Axis (km),      Eccentricity     ,    Inclination (rad)  ,  Arg of Perigee (rad) ,       RAAN (rad)      ,   True Anomaly (rad)  ,  Latitude (rad)   ,  Longitude (rad)  ,   Altitude (km)    ,  Rho:10E-9 kg/m^3 
       0, 58281.00171702000,   5645.202965027005,   3728.575367360519,     -0.001760572952, -2.628939793646571488,  3.971095131097599928,  6.021642399051811090,  6768.104184820293188, 0.00077344971656189797, 0.90163606408894199308, 1.02784183557674378641, 0.58371140539788410003, 5.25534313981931389516,  0.001464364038036,  2.317558491640842, 387.259618230551553,  0.010900336744567
    3600, 58281.04338368667,  -1452.410595330402,  -5031.163670077380,  -4296.005058035510,  6.716411236542956606,  1.082026686217522581, -3.538697677807888102,  6768.099580820369486, 0.00077305114947809169, 0.90163631037514600249, 1.02713061996707347623, 0.58371164243259188468, 3.05630637121269615108, -0.690600574289423, -0.379107268851090, 403.811677246505496,  0.006889704654831
    7200, 58281.08505035334,  -3935.933333641474,   2185.832324778138,   5048.883586143139, -5.292207062495286494, -5.247019658178395225, -1.848005088088133209,  6768.093808325485325, 0.00077296952043019812, 0.90163647246921222741, 1.02723708423613032737, 0.58371192344360729243, 0.85603551443457976219,  0.844158074439781, -2.438794792106296, 398.429375079560259,  0.011902690168372
   10800, 58281.12671702000,   6087.823851857298,   2435.597412355695,  -1672.596273240544, -0.477288072200945543,  5.101543623197664054,  5.714957996140085826,  6768.088371068587883, 0.00077313847452006499, 0.90163655472421103891, 1.02730710918334735811, 0.58371207493145495384, 4.93528172549637007913, -0.249644252368100,  1.326696458516455, 390.086338977900368,  0.009282449247325
   14400, 58281.16838368667,  -3244.259017879939,  -5076.243398572996,  -3094.926711083614,  5.857837365248137046, -0.765645656993715862, -4.889792636738586710,  6768.082536085016187, 0.00077276073679521562, 0.90163669175083583480, 1.02653953060439080474, 0.58371230665726492396, 2.73697668696653155637, -0.478072427600319, -1.454919260830096, 399.250578692481611,  0.006804792501462
   18000, 58281.21005035334,  -2265.484330198370,   3531.688416386264,   5304.784945612681, -6.430371334480413853, -4.197634352508888476,  0.052273066837527323,  6768.076440504752812, 0.00077269479196942578, 0.90163678430147629428, 1.02698913589261960934, 0.58371253533383022163, 0.53552257503194115103,  0.903687400678874,  2.564273056238490, 398.598801128480375,  0.013033742608142
   21600, 58281.25171702000,   5910.531348419859,    894.803295499991,  -3174.665382822746,  1.721124726388493723,  5.711803477776691454,  4.826858190160417402,  6768.069255517256980, 0.00077286439220961355, 0.90163679077745950843, 1.02665155025719568075, 0.58371269684772933753, 4.61554132974783084143, -0.489071312827363,  0.308843574533677, 395.124664074038833,  0.007671457399087
   25200, 58281.29338368667,  -4706.380408518043,  -4605.859136014610,  -1579.774661552282,  4.404220802664949221, -2.535809314294525403, -5.744455364805024079,  6768.060870335428327, 0.00077230090815316658, 0.90163682984955832142, 1.02603130102567991974, 0.58371283620145962708, 2.41755303985498718388, -0.238134072404187, -2.470452807786392, 395.018785302181357,  0.008686168856057
   28800, 58281.33505035334,   -364.388806410453,   4517.271756365494,   5019.852057881152, -6.913138627259669947, -2.720053145151280558,  1.947606955487156348,  6768.052569090208375, 0.00077226494831029001, 0.90163686302330420366, 1.02676070759985015653, 0.58371291057046082823, 0.21496611243965384815,  0.839402546485448,  1.286948186623072, 396.611618230283227,  0.016030444036841
   32400, 58281.37671702000,   5132.120722257166,   -736.719463630373,  -4353.567206858878,  3.742562697974010292,  5.740792063522202245,  3.448812410997011878,  6768.041763988716415, 0.00077246771812762022, 0.90163687207305721590, 1.02594228899198410476, 0.58371292039251777655, 4.29607366903965522901, -0.699840541801775, -0.771192713044150, 400.845736149484878,  0.011142519738277
   36000, 58281.41838368667,  -5690.269189287131,  -3667.894382129513,     95.439266968091,  2.502889497521212076, -4.048892649578868460, -6.015895453713058893,  6768.028638329080941, 0.00077139358351791291, 0.90163692256851477014, 1.02580826365489895496, 0.58371281746606771428, 2.09781167116853190630,  0.012713390889173,  2.822827757150243, 392.517896497646063,  0.016817579049906
   39600, 58281.46005035334,   1573.349192898660,   5042.182195791727,   4223.355180737777, -6.691239049161067434, -0.965364357618889117,  3.644253480573409126,  6768.015693849754871, 0.00077171797889684315, 0.90163695775740717691, 1.02659401357729425115, 0.58371266875132979434, 6.17758341650492739461,  0.678066011472254,  0.115856001772876, 393.058591497874886,  0.021797940980851
   43200, 58281.50171702000,   3832.598464218592,  -2292.936452025125,  -5089.881743763117,  5.382048123272845356,  5.186783179120230561,  1.721846265795149846,  6768.000186739779641, 0.00077175450786307406, 0.90163702357645811422, 1.02553363942049869881, 0.58371228397529237260, 3.97654470946994657312, -0.852178617881227, -1.954500070182869, 405.441051617257131,  0.015178789037868
   46800, 58281.54338368667,  -6096.046194425824,  -2357.822429137124,   1760.381980435990,  0.346753855058923305, -5.151194786566053403, -5.676389503198806313,  6767.984713514491985, 0.00077026008446336712, 0.90163725404897778425, 1.02609714305628182854, 0.58371174179016149856, 1.77753026423887525284,  0.263040729315262,  1.831607200296127, 392.348983137278537,  0.024507976964000
   50400, 58281.58505035334,   3350.126107079481,   5053.309411913437,   2996.969204223012, -5.787935733980460585,  0.886901653601128898,  4.969016109966457164,  6767.971397810923758, 0.00077126499936456528, 0.90163752818427021942, 1.02627694533470043231, 0.58371136531686400843, 5.85730071243860813584,  0.462551380531917, -0.955276058660568, 389.311041535357504,  0.027522497153300
   54000, 58281.62671702000,   2144.751848431121,  -3615.957578892246,  -5309.571963004974,  6.474209560230330175,  4.107210737388120286, -0.178205626867777045,  6767.955162890304547, 0.00077065599377453200, 0.90163774733737889883, 1.02569703564374946337, 0.58371074924302136994, 3.65668220247482955417, -0.903208466270277,  3.045739068185797, 407.504193535481477,  0.015859971520130
   57600, 58281.66838368667,  -5882.737272544437,   -808.881043304733,   3245.940293425020, -1.845348167522638208, -5.730671346297071174, -4.760229348616414636,  6767.941963930752275, 0.00076953788248263576, 0.90163815931644593994, 1.02611070568799218525, 0.58371004047993546126, 1.45749350879874704475,  0.501170968540369,  0.811674323069188, 394.118176690383621,  0.024096887715371
   61200, 58281.71005035334,   4785.346901274733,   4550.192139937671,   1466.047905663098, -4.296311505632636375,  2.647725398293495350,  5.787349536326932180,  6767.934642407773997, 0.00077055550735671857, 0.90163869807478336780, 1.02604450598783049462, 0.58370963975828036723, 5.53711613989166322267,  0.221077285887670, -1.968436991033362, 386.986491516353794,  0.024841092042215
   64800, 58281.75171702000,    240.119446291653,  -4572.140241144685,  -4991.177617070742,  6.909683309362203766,  2.612223837356946881, -2.058940559574757703,  6767.924132323786622, 0.00076955027490870248, 0.90163907923761400808, 1.02586979400023694110, 0.58370930690884206750, 3.33699202918359477286, -0.831515172442616,  1.775333513775422, 406.530884041779927,  0.013116574574634
   68400, 58281.79338368667,  -5072.169750394726,    821.715940992540,   4401.470285057904, -3.850969582810410677, -5.728287749484220070, -3.360126309660209020,  6767.915174022595843, 0.00076917136273038389, 0.90163943764098910763, 1.02581755498034426274, 0.58370899258957486118, 1.13770070487394916211,  0.709688833356287, -0.272766244559713, 396.627861491310057,  0.017743013729102
   72000, 58281.83505035334,   5733.719627855325,   3584.600049024216,   -213.563669292787, -2.369078297300726428,  4.138156126792858571,  6.016864564706747355,  6767.911379008880191, 0.00076961781865605175, 0.90163984773825157410, 1.02600755878050153521, 0.58370878311847146543, 5.21692045453483622605, -0.030284972361324, -2.957778235568099, 387.272885237203752,  0.015089458143934
   75600, 58281.87671702000,  -1688.453354153788,  -5065.172181955994,  -4167.449392641184,  6.645346882842218671,  0.853223550634499350, -3.730582905870676358,  6767.906169908284221, 0.00076888924079361783, 0.90164021108963806445, 1.02559042706102558694, 0.58370878549578009197, 3.01784635912088365422, -0.666353452398235,  0.612952561433760, 403.063348777422277,  0.008811146315324
   79200, 58281.91838368667,  -3746.570217377782,   2368.553925029004,   5109.741487888513, -5.466300846341417661, -5.143890293405103382, -1.617924502550313230,  6767.900367914201357, 0.00076886273113727073, 0.90164044907183078933, 1.02554136712623018303, 0.58370887030076664737, 0.81780276798008599820,  0.857871630080223, -1.462619069487310, 398.397729462301641,  0.014015890169165
   82800, 58281.96005035334,   6099.558090499717,   2255.031380500198,  -1871.268705520197, -0.202756831930557239,  5.207251544559655903,  5.635237630512824716,  6767.896127459987268, 0.00076899247174808901, 0.90164064781546413778, 1.02568730126843766668, 0.58370886579655321784, 4.89718958328467339957, -0.280214687473208,  2.333095172977365, 390.422525743873564,  0.009449927285632
   86400, 58282.00171702000,  -3445.863146395474,  -5045.411333811320,  -2921.959595344423,  5.708253102975308348, -0.992102792270675533, -5.024504569989063963,  6767.891982211689561, 0.00076854442989370428, 0.90164092027035578670, 1.02500555713205791363, 0.58370902789934541003, 2.69902567339787743408, -0.449524126285486, -0.452648522732901, 398.466315903788313,  0.007546515050277
   90000, 58282.04338368667,  -2040.471456855623,   3674.536230872831,   5298.745477295822, -6.526752081246442740, -4.036483526333802557,  0.289427856536541954,  6767.887445009811918, 0.00076861929006095701, 0.90164111997412735332, 1.02525080976231652049, 0.58370926102698215336, 0.49784340349035292552,  0.902392733718217, -2.749433170086397, 398.309998026975393,  0.012889444869771
   93600, 58282.08505035334,   5846.354313804128,    696.753399436517,  -3338.904316231887,  1.982365746655961585,  5.747225765668870450,  4.682248327668068457,  6767.881365318845633, 0.00076866587562491624, 0.90164121489209134738, 1.02509960546174396043, 0.58370943106260711843, 4.57791565871358783688, -0.516835677060513,  1.310093405796344, 395.627791916408853,  0.008018335321767
   97200, 58282.12671702000,  -4854.243205030383,  -4514.936825593009,  -1380.849228372405,  4.193049170808030824, -2.737342470101861022, -5.809974302714152164,  6767.875583279212226, 0.00076829062233491481, 0.90164136518836302979, 1.02439222350262320834, 0.58370964458404078984, 2.38020492566347623836, -0.207901504242699, -1.463041528956196, 394.404748037768229,  0.008548037241797
  100800, 58282.16838368667,   -127.241818876605,   4606.918627251842,   4949.235342728667, -6.924062881938974800, -2.518571199015323450,  2.167784997672604394,  6767.870805373701681, 0.00076838251505521148, 0.90164148732500160900, 1.02494169976494317446, 0.58370984278779089140, 0.17786951548424734997,  0.824084870198211,  2.266882996917237, 396.091691317326593,  0.012299599679958
  104400, 58282.21005035334,   5000.456665698849,   -931.969557432656,  -4467.844934280414,  3.964740666806600633,  5.704284134928646968,  3.255525627753491087,  6767.863454417756894, 0.00076839672626357100, 0.90164151480471016085, 1.02439741807798097132, 0.58371005535534765062, 4.25895428922714842489, -0.722122728575919,  0.220056742045607, 401.302063291262414,  0.007297850967952
  108000, 58282.25171702000,  -5770.966879212621,  -3527.466073898837,    299.812107555693,  2.252699400851655865, -4.206002709103384425, -6.007368588711426756,  6767.855545905817450, 0.00076789828391302799, 0.90164154864368287575, 1.02392165350587938176, 0.58371022414635176845, 2.06118193073277910653,  0.043080444531676, -2.451440598655632, 392.202409726833480,  0.008917603663869
  111600, 58282.29338368667,   1798.601105347239,   5071.000427124004,   4096.845827943292, -6.617734375654073174, -0.744760634461311614,  3.825797908631141416,  6767.849218052094710, 0.00076805532330488831, 0.90164158369852491232, 1.02456029446045888520, 0.58371030582511528083, 6.14117793942978090370,  0.654382176206733,  1.110261479753234, 392.449052957114191,  0.013609185837999
  115200, 58282.33505035334,   3648.251636382380,  -2466.033049332843,  -5144.089871988309,  5.544082804495045281,  5.083830043231686466,  1.500344729708421514,  6767.839336035413382, 0.00076799466800628649, 0.90164159170283956590, 1.02365802011987539746, 0.58371039021929556351, 3.94022655205062311261, -0.864448080686752, -0.976766699269662, 405.660686566885317,  0.009578524209116
  118800, 58282.37671702000,  -6103.137000288544,  -2183.012595845223,   1949.762407463666,  0.083306479822224978, -5.249283172777146064, -5.596350559375370272,  6767.827378725361807, 0.00076711026517782747, 0.90164161150649873140, 1.02367222844137212626, 0.58371036897051097330, 1.74186400633142371268,  0.292287509091542,  2.838910872745579, 392.332822858829900,  0.015226346273656
  122400, 58282.41838368667,   3541.310042973240,   5019.872888259332,   2828.498234618447, -5.639357424748880380,  1.104130822906984327,  5.094704883877618644,  6767.816733134039431, 0.00076760867900642528, 0.90164163811198696217, 1.02422337097127143333, 0.58371028873979941438, 5.82135205970112552419,  0.434888071162974,  0.048572648117167, 388.799023227802934,  0.019914069895368
  126000, 58282.46005035334,   1927.284881102970,  -3750.209633189805,  -5299.716888223858,  6.561454566122853715,  3.949629104880682630, -0.405254596521757481,  6767.801728467536721, 0.00076727186904143255, 0.90164165595380498907, 1.02315311971812247934, 0.58371003839542775067, 3.62145971201588783082, -0.900981348359047, -2.265164530823128, 407.371708690670175,  0.013391642719151
  129600, 58282.50171702000,  -5817.118885322134,   -617.896261527465,   3401.735429444709, -2.095440848278855249, -5.761204801931213743, -4.618205149852148286,  6767.785841860035235, 0.00076604208115030166, 0.90164176905810498571, 1.02388699697705503190, 0.58370958973556437215, 1.42202529918677652188,  0.527710255260022,  1.813738922065204, 394.266674699613475,  0.022693521832304
  133200, 58282.54338368667,   4924.017360515550,   4459.270992070888,   1273.501782382097, -4.089370241724750237,  2.839794666224175097,  5.845825506831558875,  6767.773137245600847, 0.00076714295038917048, 0.90164200445149607387, 1.02383254163386512277, 0.58370921503052882546, 5.50175917824439182288,  0.191869216979006, -0.959923334543603, 386.720075957313782,  0.027434179450605
  136800, 58282.58505035334,     12.167801883791,  -4654.916846363559,  -4919.697786616047,  6.915128856564188504,  2.417098825302692064, -2.268611244060803689,  6767.755928641900282, 0.00076615743361004820, 0.90164217149975899485, 1.02328108429579441138, 0.58370866966331627022, 3.30224953722089164046, -0.816153740419665,  2.758284605567586, 406.044263791193202,  0.017056475481116
  140400, 58282.62671702000,  -4942.105243605957,   1009.171512141524,   4508.634515162351, -4.062654182986993052, -5.689639492033975194, -3.171867156966132769,  6767.740235097479082, 0.00076528074936882897, 0.90164244696619888817, 1.02394781600664961112, 0.58370795491021168104, 1.10231079406553110435,  0.730810481021560,  0.719348505250943, 396.746545352174621,  0.024216464051465
  144000, 58282.66838368667,   5807.036524040387,   3446.822880047528,   -410.007340322278, -2.126284119560933175,  4.286135308940198962,  6.003840292179731721,  6767.730978878659248, 0.00076634448121039323, 0.90164296086638642114, 1.02368681584329122652, 0.58370737404282479484, 5.18215492380633660583, -0.059517098832643, -1.947999226466842, 387.318106580745280,  0.026977794094978
  147600, 58282.71005035334,  -1903.486432633879,  -5089.320319376157,  -4043.118888936648,  6.570467040527737274,  0.641238014786259621, -3.902071916785330603,  6767.719464448128950, 0.00076503409924990990, 0.90164340534722408580, 1.02359285117736888181, 0.58370694990624127219, 2.98299636745251406508, -0.643320576533354,  1.609591860497589, 402.350358728866127,  0.016795804067890
  151200, 58282.75171702000,  -3566.909529464810,   2533.471240433861,   5158.573063400205, -5.618935416951808783, -5.041667816218682397, -1.403742546398151245,  6767.708792850591151, 0.00076491803892976457, 0.90164374650955020563, 1.02373096036975495273, 0.58370655684666851600, 0.78284287407785494833,  0.869053044027492, -0.483471803476929, 398.331298525960165,  0.019888580979482
  154800, 58282.79338368667,   6101.838837494483,   2085.670889902177,  -2051.536656568891,  0.050232816386930839,  5.297308282285418171,  5.554008075394378457,  6767.702769259952354, 0.00076530122574768607, 0.90164417910706460933, 1.02379318551876666256, 0.58370617391169546894, 4.86252976585376568523, -0.308183688237651, -2.941994118987691, 390.740492243581571,  0.016387242152624
  158400, 58282.83505035334,  -3626.598596980736,  -5010.076384751135,  -2758.777169381843,  5.562745468490484560, -1.199123842684669694, -5.141551389176585546,  6767.697299060942615, 0.00076442602768559521, 0.90164463905730500733, 1.02341835346128967751, 0.58370604210548737261, 2.66428116615849972654, -0.422931325617528,  0.552798068632625, 397.733154815115313,  0.011575600409859
  162000, 58282.87671702000,  -1830.748697139316,   3800.851777389044,   5285.914492557700, -6.606456646772090336, -3.882746742589474561,  0.507143994482475003,  6767.691853622679814, 0.00076461543531328866, 0.90164492273885737651, 1.02351277465809877736, 0.58370606309708112297, 0.46333214600266285670,  0.899485065655426, -1.774550919470711, 397.995273810550941,  0.015677315511474
  165600, 58282.91838368667,   5779.435169508483,    513.785581615701,  -3485.319424567958,  2.219787193764896967,  5.772011908676181536,  4.543011027535178328,  6767.686301740654865, 0.00076459305935450881, 0.90164513984281576827, 1.02349136766733428579, 0.58370599574458836774, 4.54351846098256793860, -0.541956949030948,  2.313025690733322, 396.071468054784248,  0.008852072669194
  169200, 58282.96005035334,  -4983.541669797038,  -4425.351697333808,  -1196.270130381467,  3.993437897390662867, -2.918824664923433378, -5.862391002996566549,  6767.681895467249222, 0.00076411644749293976, 0.90164543369576846492, 1.02285641749765087382, 0.58370606954715963577, 2.34592697866809968450, -0.180009273786074, -0.453276307747738, 393.841993223168515,  0.008991829281788
  172800, 58283.00171702000,     90.620704543734,   4683.057816676236,   4877.803437937213, -6.924877798526199220, -2.330248921076195873,  2.367031881701631799,  6767.678644036634071, 0.00076432023881579694, 0.90164566621956638480, 1.02318709694905134622, 0.58370622867844304814, 0.14390094037167521883,  0.808828516060903, -3.030454143559005, 395.572862429116356,  0.012954325468695
  176400, 58283.04338368667,   4873.079426587315,  -1109.848287351872,  -4566.778830724072,  4.163351908662927047,  5.663302983224441893,  3.073943608819666635,  6767.672400414963379, 0.00076420545775458572, 0.90164579402217526969, 1.02284391393952799640, 0.58370640097723162020, 4.22504175885611927069, -0.741773333392490,  1.213322912942155, 401.672433150655991,  0.007635562855413
  180000, 58283.08505035334,  -5837.392211812871,  -3394.119059939937,    486.762831660342,  2.020390067302729455, -4.344568211923845591, -5.991736205847133852,  6767.666291993000167, 0.00076385385042290583, 0.90164595672867968267, 1.02222672467850986982, 0.58370659203602094379, 2.02756793842733645675,  0.070897279298671, -1.440584111896339, 391.912594518770902,  0.009992513800345
  183600, 58283.12671702000,   2002.567743552191,   5090.799009402592,   3975.657604286076, -6.541850548337860399, -0.541738874245977264,  3.987129252409372262,  6767.662385055579576, 0.00076403496811552524, 0.90164611087456363373, 1.02280933719741339266, 0.58370674755466778059, 6.10772444071736693005,  0.632078456933838,  2.109116737277167, 391.859859138638456,  0.011230626566484
  187200, 58283.16838368667,   3474.885434577455,  -2621.248938049436,  -5187.084200780265,  5.685283301873963590,  4.983132758915689752,  1.295752212738849152,  6767.655549856878643, 0.00076390577782121264, 0.90164618376280779923, 1.02210458678567256007, 0.58370698908932717915, 3.90683413004425481268, -0.874321937895704,  0.004338039546317, 405.787740589941848,  0.007609474480923
  190800, 58283.21005035334,  -6101.839449840320,  -2020.416737296749,   2120.401425154839, -0.157675168291271278, -5.332311241043603271, -5.516086798780462140,  6767.647638346376924, 0.00076349385536063548, 0.90164623035166319826, 1.02181244848688591149, 0.58370718453585273525, 1.70890040879989287773,  0.318859171057994, -2.435169991961947, 392.304486142374003,  0.009181294824052
  194400, 58283.25171702000,   3711.440389523064,   4982.976076791987,   2671.062499999961, -5.496557473577597129,  1.301141332632217276,  5.203087105557435068,  6767.642156276703063, 0.00076373559120152792, 0.90164626951351526865, 1.02233968316121972468, 0.58370726414777057966, 5.78853060654944742659,  0.409344590041468,  1.055579226228639, 388.319923793251178,  0.011151189822624
  198000, 58283.29338368667,   1726.423600902033,  -3868.027850389354,  -5284.104688140667,  6.632922905101335818,  3.800904503750500988, -0.611950714701289879,  6767.633743953152610, 0.00076349977506816628, 0.90164629664453009166, 1.02141575976409964990, 0.58370739450947804381, 3.58873506291284721944, -0.897400779607888, -1.287176748300416, 407.181942363208407,  0.008695871057531
  201600, 58283.33505035334,  -5750.054893426641,   -442.950257871295,   3539.599658406205, -2.320973799912577917, -5.781919008781136115, -4.482953235926096854,  6767.623034883230457, 0.00076285035801936629, 0.90164631001618578631, 1.02159260656389477286, 0.58370744276349172304, 1.38994354679419435616,  0.551536984375308,  2.817685189366792, 394.391244236650380,  0.013944678135859
  205200, 58283.37671702000,   5044.376146261821,   4370.893308334993,   1096.411069086928, -3.895686573153672506,  3.011397709369410479,  5.891957446541240013,  6767.613841458923174, 0.00076337324375099469, 0.90164632730833038919, 1.02187573334650761564, 0.58370740467280935848, 5.46946952310304394113,  0.165146715433258,  0.050980458892727, 386.500053776647974,  0.016820048941298
  208800, 58283.41838368667,   -195.632302042874,  -4724.704772828001,  -4848.569491373283,  6.911693642544573569,  2.236292984952276329, -2.456987206194012135,  6767.600424016881107, 0.00076280178951319516, 0.90164633775568469698, 1.02088515593268844717, 0.58370727485343308063, 3.27061782532908330292, -0.801101869390915, -2.536090135881206, 405.568192498752069,  0.012344576149996
  212400, 58283.46005035334,  -4817.572470314937,   1178.821121414666,   4600.877749314331, -4.250729553607614173, -5.647519298635103067, -2.996400387845276976,  6767.585263909130650, 0.00076192024862419153, 0.90164637345431232653, 1.02175036852034798146, 0.58370695689250232482, 1.07054273090020367993,  0.749315888368139,  1.713737835689475, 396.850861623222784,  0.020793228829803
  216000, 58283.50171702000,   5866.924992891169,   3317.086928574480,   -588.617882465956, -1.902373024842907088,  4.415909434018329222,  5.984773037154807377,  6767.572577668093639, 0.00076292394340486561, 0.90164654373970088932, 1.02141540662306366100, 0.58370660076912833051, 5.15061554457857075475, -0.086137644860534, -0.936248866796868, 387.398472784454952,  0.024587154855999
  219600, 58283.54338368667,  -2097.334248961456,  -5105.321760840726,  -3924.950089566771,  6.494382836232299299,  0.447145805970427872, -4.053854160712828178,  6767.555691324427497, 0.00076169157654859237, 0.90164669470600885751, 1.02096752812192991520, 0.58370614388285694586, 2.95201682418254095349, -0.621779428914224,  2.610498606464066, 401.698224987257731,  0.018986280184771
  223200, 58283.58505035334,  -3398.846667263684,   2680.902129166329,   5197.039315133733, -5.751538447202860838, -4.942482924198164873, -1.206709435541860979,  6767.538835254010821, 0.00076118369541922980, 0.90164685203642245582, 1.02183000966488478183, 0.58370551141448682482, 0.75120469375625471999,  0.877981995737527,  0.499229040479156, 398.254633104217362,  0.023703709815293
  226800, 58283.62671702000,   6096.802682695425,   1928.763522807895,  -2213.578375422352,  0.280934868793081495,  5.373286058495084224,  5.473445521456968551,  6767.526898880931164, 0.00076212028176327399, 0.90164726736234277165, 1.02130877818565031848, 0.58370480991531792521, 4.83167236763537019878, -0.333533587831116, -1.932100997388465, 391.047941923098904,  0.026019311624556
  230400, 58283.66838368667,  -3787.263103742218,  -4972.078647940758,  -2606.758038322934,  5.423607507076807699, -1.386583023750766506, -5.242400587950475761,  6767.514359914727133, 0.00076057589756176491, 0.90164776599811851754, 1.02134498471057058653, 0.58370426900624437083, 2.63321469746819425287, -0.398428994887722,  1.561217597094508, 397.069737373085388,  0.021799260678507
  234000, 58283.71005035334,  -1637.420697656903,   3911.674837304924,   5268.156474011321, -6.671581045426072421, -3.738110826653718377,  0.705109769413425359,  6767.502412511934264, 0.00076082037509343718, 0.90164810042983126133, 1.02161520688651219707, 0.58370383343638832327, 0.43217507171904582348,  0.895419283630734, -0.794096700904117, 397.674667494219591,  0.021853272449965
  237600, 58283.75171702000,   5711.891641212901,    346.427134304381,  -3614.834538766904,  2.433696945235609770,  5.788095838408659204,  4.410966228214576243,  6767.493576377416668, 0.00076102579945525476, 0.90164852069865258021, 1.02148470960787217301, 0.58370328754712258245, 4.51270614586708968896, -0.564496539160906, -2.965362709150045, 396.460121552696194,  0.016881347231424
  241200, 58283.79338368667,  -5095.761133436168,  -4338.777993010470,  -1026.762405276790,  3.807093969150731268, -3.080934036548726015, -5.903612098786936173,  6767.486911997484136, 0.00076002099284935655, 0.90164906790569611915, 1.02120291157583939728, 0.58370296960901902082, 2.31494909973994331728, -0.154509552804868,  0.558743308166737, 393.334221580135988,  0.015886879928171
  244800, 58283.83505035334,    288.889166848096,   4747.175363512309,   4807.337540401745, -6.917947448316985825, -2.156180815730225924,  2.545846975010326514,  6767.481762133030758, 0.00076045003418291060, 0.90164943038796652273, 1.02138152726348955320, 0.58370291430977625836, 0.11317903062374497165,  0.794002494649224, -2.039078975396113, 395.064861615438474,  0.017158814511106
  248400, 58283.87671702000,   4751.825212967875,  -1270.489664266066,  -4651.792812018816,  4.339538039348716223,  5.619829571821864556,  2.905354605717209650,  6767.475053561775896, 0.00076021075233982591, 0.90164968499034702372, 1.02121872522256412264, 0.58370277881038063378, 4.19439556123799434052, -0.758950136302047,  2.208929031703129, 401.966837711181142,  0.009635083267057
  252000, 58283.91838368667,  -5891.454589278308,  -3269.173332113890,    656.235632259270,  1.806926606656367771, -4.465892672160637039, -5.971044018522116649,  6767.469709458357546, 0.00075972075309676573, 0.90165000940197880864, 1.02067366854264117936, 0.58370275110258354039, 1.99701124359226512954,  0.096165186176618, -0.427807999350013, 391.650653654870553,  0.010694138216855
