Time (s),      MJD UTC     ,      ECI X (km)    ,      ECI Y (km)    ,      ECI Z (km)    ,      ECI U (km/s)    ,      ECI V (km/s)    ,      ECI W (km/s)    ,  Semi-Major Axis (km),      Eccentricity     ,    Inclination (rad)  ,  Arg of Perigee (rad) ,       RAAN (rad)      ,   True Anomaly (rad)  ,  Latitude (rad)   ,  Longitude (rad)  ,   Altitude (km)    ,  Rho:10E-9 kg/m^3 
       0, 58281.00171702000,   5645.202965027005,   3728.575367360519,     -0.001760572952, -2.628939793646571488,  3.971095131097599928,  6.021642399051811090,  6768.104184820293188, 0.00077344971656189797, 0.90163606408894199308, 1.02784183557674378641, 0.58371140539788410003, 5.25534313981931389516,  0.001464364038036,  2.317558491640842, 387.259618230551553,  0.007854584883241
    3600, 58281.04338368667,  -1452.412242901953,  -5031.165731050153,  -4296.005730622311,  6.716409463340809077,  1.082023566381109595, -3.538698346468440158,  6768.101225893821534, 0.00077316577127560960, 0.90163621815900901280, 1.02737321756156719534, 0.58371155103437691466, 3.05606362013262483905, -0.690600421941316, -0.379107462477995, 403.813984819849395,  0.003204526629987
    7200, 58281.08505035334,  -3935.921949069579,   2185.847602428417,   5048.889770613963, -5.292219762061159121, -5.247011055439527606, -1.847988528962776324,  6768.097710489351262, 0.00077307160593537063, 0.90163633178366676371, 1.02736556833386360001, 0.58371171769247960442, 0.85590423433432347334,  0.844158964084827, -2.438798977452783, 398.432322508173456,  0.007622366713737
   10800, 58281.12671702000,   6087.833283608593,   2435.565822079109,  -1672.633169559880, -0.477238127186709967,  5.101561823735983307,  5.714941111736195214,  6768.094529400826794, 0.00077313361982822980, 0.90163636969955461196, 1.02731383542755025568, 0.58371178315572728199, 4.93526793177956895091, -0.249649669580764,  1.326691449224612, 390.092629019517290,  0.006410575363533
   14400, 58281.16838368667,  -3244.330405890091,  -5076.240117047506,  -3094.874572339184,  5.857786529205172928, -0.765722946338646816, -4.889834415312996630,  6768.090448106069310, 0.00077284270176542915, 0.90163646344821434257, 1.02677703651525572528, 0.58371194432142173753, 2.73672639739474867350, -0.478063151634269, -1.454929561383118, 399.258328605509007,  0.003778323570155
   18000, 58281.21005035334,  -2265.366838812730,   3531.773895603258,   5304.790492215090, -6.430423259054988981, -4.197543658511704434,  0.052400406094831806,  6768.086504847788849, 0.00077274301271174450, 0.90163652770959482237, 1.02702241625846036059, 0.58371207157607725631, 0.53546813331438207245,  0.903686969121308,  2.564238528429847, 398.608423940587045,  0.008175365609686
   21600, 58281.25171702000,   5910.496420075514,    894.644489558808,  -3174.803083502651,  1.721334218577343399,  5.711829716237244635,  4.826740373021424305,  6768.082057994204923, 0.00077279349325576990, 0.90163652058931446128, 1.02668514777153823108, 0.58371215098352440426, 4.61547665443373304143, -0.489093385970472,  0.308818197670407, 395.138148402071010,  0.005121191277093
   25200, 58281.29338368667,  -4706.561991192549,  -4605.770086333272,  -1579.558156547884,  4.403983027689995416, -2.536037977349022529, -5.744525790142498541,  6768.076672228136539, 0.00077240729103125901, 0.90163654181023636971, 1.02633972313192693335, 0.58371223479123621690, 2.41720129989982103350, -0.238100503729115, -2.470481811874200, 395.033588785695713,  0.004557828119281
   28800, 58281.33505035334,   -364.024473711399,   4517.429118923811,   5019.762770230611, -6.913155805950412159, -2.719738137950192155,  1.947943995882769445,  6768.072317840886438, 0.00077234168498291279, 0.90163654900988471195, 1.02670962774435173823, 0.58371225539158675479, 0.21495751710382819101,  0.839379849447762,  1.286865192382766, 396.630352211100842,  0.008306417161053
   32400, 58281.37671702000,   5131.877897780691,   -737.131104566480,  -4353.826050465595,  3.743023491540566107,  5.740711838749205142,  3.448409679019882058,  6768.067440961502481, 0.00077233344588476274, 0.90163654248305680986, 1.02625434742019967023, 0.58371224781119299580, 4.29568184905087480617, -0.699887150732351, -0.771277818029870, 400.873909950876680,  0.004144592560293
   36000, 58281.41838368667,  -5690.532493697987,  -3667.530885014837,     96.000858771568,  2.502197040025671931, -4.049328023469749037, -6.015867775314925611,  6768.061856431424261, 0.00077183434589876503, 0.90163655091120678835, 1.02623433578921055651, 0.58371219551879036807, 2.09727991195930240113,  0.012796736451758,  2.822761476163340, 392.550266369187227,  0.005323242059292
   39600, 58281.46005035334,   1574.191540165372,   5042.333214439063,   4222.926668643737, -6.690968681348057095, -0.964549184345323983,  3.644917890210172388,  6768.057846822300678, 0.00077188248281036421, 0.90163654163361590059, 1.02648031814320004923, 0.58371213662212242696, 6.17755605362441308171,  0.677980144679979,  0.115711997127089, 393.097829197353690,  0.008688571653107
   43200, 58281.50171702000,   3831.757603063177,  -2293.799060449529,  -5090.200235258922,  5.382825521031527961,  5.186282205308185925,  1.720777009376409121,  6768.052940976751541, 0.00077171901356604953, 0.90163655108229539420, 1.02614138809095726320, 0.58371199439842544728, 3.97575331572824988702, -0.852240711827976, -1.954761912841946, 405.498055883030815,  0.003257532696621
   46800, 58281.54338368667,  -6096.175889373032,  -2356.771756601281,   1761.579056536104,  0.345117487924043696, -5.151806654353469744, -5.675886904165091293,  6768.047999694670626, 0.00077118339867395770, 0.90163659980709953863, 1.02629952356890800989, 0.58371181090125481334, 1.77709194160714863890,  0.263222270664329,  1.831450050874867, 392.413249559341125,  0.006868436652233
   50400, 58281.58505035334,   3351.695771081085,   5053.131826332246,   2995.680118365643, -5.786761339693711405,  0.888626687450334205,  4.970010650680427381,  6768.045240047148511, 0.00077137269476646197, 0.90163664596480302320, 1.02634142624112669764, 0.58371171682138359496, 5.85693474481868632791,  0.462332860941028, -0.955508510111776, 389.381243058992709,  0.008898758613701
   54000, 58281.62671702000,   2142.651284886006,  -3617.361917992709,  -5309.578078332709,  6.475069694410356015,  4.105656839622533226, -0.180451391840016749,  6768.040574476955845, 0.00077101198496489048, 0.90163668718776210934, 1.02621181554608424343, 0.58371150649267140002, 3.65579409959554673575, -0.903194044850884,  3.045139596666906, 407.593742429134977,  0.003059677227768
   57600, 58281.66838368667,  -5882.079035548870,   -806.599165731612,   3247.888345584117, -1.848363509683894888, -5.731057969096506688, -4.758515181258883647,  6768.036358899515610, 0.00077058386200989733, 0.90163678393492579382, 1.02632042985391275800, 0.58371128533887725218, 1.45682931549246624575,  0.501492731721848,  0.811308900272846, 394.214086425514722,  0.007743637039064
   61200, 58281.71005035334,   4787.477786195829,   4548.992934416161,   1463.279826803557, -4.293322163255788831,  2.650528615500076758,  5.788206833371809199,  6768.035023616876719, 0.00077080623838654023, 0.90163691227956755119, 1.02628823652670915641, 0.58371117099670638377, 5.53632564787187655226,  0.220652769000838, -1.968791574401960, 387.084512797746470,  0.008531692364618
   64800, 58281.75171702000,    236.235753781447,  -4573.698673157920,  -4990.089303108101,  6.909793115037922367,  2.608896476423329139, -2.062534490954672827,  6768.031384537004989, 0.00077035753821692297, 0.90163701477754617212, 1.02624135380146853914, 0.58371102209284384644, 3.33598123511830825516, -0.831260820620541,  1.774467968186839, 406.639179081719135,  0.003111581136833
   68400, 58281.79338368667,  -5069.747740291902,    825.459480199772,   4403.720435800836, -3.855181007935708805, -5.727566468570709697, -3.356399336277898067,  6768.027834750180022, 0.00077013380772451041, 0.90163713533785741050, 1.02619519164996365673, 0.58371090243254540445, 1.13658387009476396015,  0.710114134413439, -0.273559712004420, 396.741445819332682,  0.007813244108801
   72000, 58281.83505035334,   5735.572685759281,   3581.587076886781,   -218.049895426444, -2.363579591542511362,  4.141563426990794695,  6.016595227709125965,  6768.026750578106978, 0.00077026903437057492, 0.90163728506942623383, 1.02623874041483662239, 0.58371079873092052457, 5.21584377081262704195, -0.030951551176122, -2.958301939263083, 387.391854899778764,  0.007421868925501
   75600, 58281.87671702000,  -1694.025314541954,  -5065.989661968177,  -4164.394825734335,  6.643471151074118773,  0.847782203564000485, -3.735010692180790483,  6768.024274853515585, 0.00076987919166870244, 0.90163744826436347652, 1.02604315558072066797, 0.58371078081773190778, 3.01644668057939703662, -0.665767864027909,  0.612009412251937, 403.175141881833326,  0.003469995426129
   79200, 58281.91838368667,  -3741.551858259486,   2373.389890562997,   5111.321024498128, -5.470738310468061332, -5.141017644766917840, -1.611773795187470217,  6768.021307981442572, 0.00076982807885613443, 0.90163758263438712430, 1.02597318230547310562, 0.58371081323752629618, 0.81631346212864524798,  0.858210209509755, -1.464143457918204, 398.515653837999992,  0.007582699205240
   82800, 58281.96005035334,   6099.873126834857,   2249.707959599384,  -1877.108659890890, -0.194688895757030267,  5.210202901660809627,  5.632688492033300635,  6768.019140525862240, 0.00076986274927186515, 0.90163768422017968434, 1.02600569984245897244, 0.58371078291366511245, 4.89570147772077615342, -0.281111565998687,  2.332310126018774, 390.562191470575613,  0.006405751807670
   86400, 58282.00171702000,  -3452.344420054424,  -5044.399778962765,  -2916.344291434186,  5.703216517015306719, -0.999394171434571873, -5.028665800420285343,  6768.016667665802899, 0.00076956973745437958, 0.90163785398052838285, 1.02557901631301047691, 0.58371087489069095166, 2.69717624160056394940, -0.448594054946432, -0.453619568800254, 398.577738941480050,  0.003816408502242
   90000, 58282.04338368667,  -2032.505811786714,   3679.565236412664,   5298.465622957828, -6.529913621241397286, -4.030641608360490037,  0.297809456602221597,  6768.014072671955438, 0.00076957908111062260, 0.90163798162930275116, 1.02565169178071316470, 0.58371099833802974694, 0.49604809611919373465,  0.902307952280659, -2.751668484277681, 398.424612205866481,  0.007869175305437
   93600, 58282.08505035334,   5843.826369426633,    689.113281961230,  -3345.192396778973,  1.992327951912520215,  5.748369812547135502,  4.676472564746886348,  6768.010485250433466, 0.00076955946813905683, 0.90163802274613093983, 1.02546265212108464102, 0.58371106434854729157, 4.57604289619850775062, -0.517895345455413,  1.308855874574981, 395.786796376832513,  0.005111958923681
   97200, 58282.12671702000,  -4860.327563392654,  -4511.111699796757,  -1372.551536392011,  4.184087727885369343, -2.745624618278933626, -5.812432869011503143,  6768.006606252615500, 0.00076928861327645864, 0.90163812335131037845, 1.02497184684113989224, 0.58371120927540516121, 2.37800337758544538033, -0.206640071485465, -1.464090680639791, 394.522016617372628,  0.004705974025962
  100800, 58282.16838368667,   -116.603381101454,   4610.887299083052,   4945.971196831751, -6.924243450987814798, -2.509412369969803771,  2.177572491090580992,  6768.003740308672128, 0.00076929560577741040, 0.90163820043865637729, 1.02525383356404490318, 0.58371130924630863697, 0.17580959971776217490,  0.823361474210680,  2.264551059225249, 396.201126389857677,  0.008519091436788
  104400, 58282.21005035334,   4994.031355042604,   -941.386949843473,  -4473.279178242390,  3.975252156887379489,  5.702257005829449300,  3.246028788818623100,  6767.999018089691648, 0.00076924279139399358, 0.90163820356777329263, 1.02478150191106340608, 0.58371141291192430708, 4.25670405048962697224, -0.723173632218080,  0.218007043860993, 401.472981182372109,  0.003946295852507
  108000, 58282.25171702000,  -5775.018139517409,  -3520.165889379080,    310.346294722968,  2.239689351711803395, -4.213910359206481004, -6.006603810469800662,  6767.993526984633695, 0.00076888997465095971, 0.90163822569407731984, 1.02446478021370192670, 0.58371151962170804677, 2.05865274576014107861,  0.044645750178411, -2.452675354867498, 392.334876443000098,  0.005640094717997
  111600, 58282.29338368667,   1810.969743142419,   5072.493943501516,   4089.767606414213, -6.613337115197956799, -0.732554594901084043,  3.835594597074323497,  6767.990055443837239, 0.00076892612108416292, 0.90163823307435694620, 1.02480847509360970861, 0.58371154116791469722, 6.13881031202849339248,  0.653053171044605,  1.108185472624279, 392.558322108975744,  0.008762400608755
  115200, 58282.33505035334,   3637.357796758407,  -2476.159521957583,  -5147.149357655918,  5.553268928982865716,  5.077500579121734347,  1.487244119202129350,  6767.984751038254470, 0.00076879618870666016, 0.90163822271137843438, 1.02424835236546066719, 0.58371156239827353405, 3.93739315856881098030, -0.865117962019500, -0.980052613715404, 405.834681892943479,  0.003287881170583
  118800, 58282.37671702000,  -6103.430529384008,  -2172.055159913136,   1961.523306918324,  0.066873109966052812, -5.255110165296006972, -5.591003650365409194,  6767.978791962049641, 0.00076833990010924928, 0.90163822225226906472, 1.02426735039784461471, 0.58371153665735853264, 1.73889307383167212922,  0.294104817086283,  2.837302613163244, 392.491790784071725,  0.006970542897656
  122400, 58282.41838368667,   3553.901830633502,   5017.529288552807,   2817.222462382507, -5.629149228773595092,  1.118495419243768713,  5.102717032526892653,  6767.975270298620838, 0.00076847771891198136, 0.90163820930907106549, 1.02444429598281799311, 0.58371149014149740819, 5.81860741422851031855,  0.433037716808045,  0.046675405498264, 388.928519380282069,  0.008890665949779
  126000, 58282.46005035334,   1911.911496512375,  -3759.595576640926,  -5298.868200882051,  6.567154682334117876,  3.938250359020516108, -0.421241828316271648,  6767.969920679906489, 0.00076818328029320629, 0.90163819665017119309, 1.02408019544948042595, 0.58371136833161918006, 3.61786939913234681225, -0.900753119074584, -2.269419999375702, 407.549325665286005,  0.002896346441606
  129600, 58282.50171702000,  -5812.037855877600,   -603.574137002530,   3413.290980466388, -2.114015629392016426, -5.763104786926199621, -4.607222233487326858,  6767.964402084705279, 0.00076770243892015561, 0.90163821330620920474, 1.02429283052199269685, 0.58371119514647564250, 1.41879739876896668847,  0.529678460764139,  1.811395254394011, 394.463473258637350,  0.007748532558498
  133200, 58282.54338368667,   4934.914208333932,   4451.891083972047,   1258.096820323141, -4.072578378243092516,  2.854909748870250336,  5.850030640911516711,  6767.961723039726836, 0.00076792664929171041, 0.90163825241786947650, 1.02426022432281901603, 0.58371108790992447978, 5.49833510699409710358,  0.189533880054240, -0.961850323181929, 386.898879913103087,  0.008257824666790
  136800, 58282.58505035334,     -7.130150270521,  -4661.806939469143,  -4913.472922405232,  6.915025214352516672,  2.400369022640075811, -2.286191490947068657,  6767.956797410638268, 0.00076745832762140275, 0.90163827210966669012, 1.02415899281529304164, 0.58371088176428302321, 3.29820847947178726685, -0.814791982766390,  2.754136239932186, 406.228215306763047,  0.003093909051439
  140400, 58282.62671702000,  -4930.225318544106,   1026.024355346775,   4518.110599002593, -4.081370314520399878, -5.685703367534841221, -3.154622941081681011,  6767.951969466760931, 0.00076709785507161550, 0.90163832154215361840, 1.02433408711391612362, 0.58371065372633963969, 1.09856881888452114914,  0.732668067754018,  0.715604491626195, 396.974794988157100,  0.007806928532744
  144000, 58282.66838368667,   5813.843256043353,   3433.493402765799,   -428.836586334459, -2.102840814611753114,  4.299958536476215568,  6.002029998321975519,  6767.950123269697403, 0.00076729200229371735, 0.90163843544841267453, 1.02426477430660537902, 0.58371048626420416779, 5.17801995810094393058, -0.062318911195566, -1.950213802598086, 387.560641892363776,  0.007501570685428
  147600, 58282.71005035334,  -1925.263729163554,  -5091.609306086446,  -4030.299406138840,  6.562222148291876593,  0.619608121082057213, -3.919132895135539627,  6767.946560218461577, 0.00076677951922758255, 0.90163853896563717169, 1.02425797594406212945, 0.58371030633167082037, 2.97858298060574089869, -0.640939266267233,  1.605984313812933, 402.536882214348395,  0.003593959726422
  151200, 58282.75171702000,  -3547.386285765678,   2551.163824587886,   5163.587922773345, -5.634839260228965670, -5.030168825880594364, -1.380479216894680269,  6767.942918072328716, 0.00076664181747290960, 0.90163862892966030737, 1.02428745162666342259, 0.58371016037110665331, 0.77831918360671089815,  0.870168090589889, -0.489347575198801, 398.564058416107855,  0.007833010097421
  154800, 58282.79338368667,   6101.814332740368,   2066.205113813506,  -2072.064293091268,  0.079128948875256664,  5.307083251208410180,  5.544108918279292004,  6767.941011086210156, 0.00076670829667773415, 0.90163876238609669923, 1.02428592908270899812, 0.58370999381294178925, 4.85785433939517955100, -0.311370853113911, -2.944852697725844, 391.040578681255340,  0.006178777357110
  158400, 58282.83505035334,  -3648.222558085001,  -5005.595087569729,  -2738.919989911764,  5.544569503975750622, -1.224009041166354779, -5.155100011261920212,  6767.938707719984310, 0.00076629179100770404, 0.90163894081689138630, 1.02412525787298748904, 0.58370991152818986827, 2.65918682652742563574, -0.419698369962896,  0.549538799084052, 397.922398163925266,  0.004183743299951
  162000, 58282.87671702000,  -1803.935074724659,   3816.763811016832,   5283.951254728825, -6.615866946238132850, -3.862730401617021905,  0.534850830386629773,  6767.936361604439719, 0.00076633127815316539, 0.90163907059800641646, 1.02412171893516429149, 0.58370989893925669882, 0.45810161599050363499,  0.898990986053484, -1.781903680197965, 398.206867801347414,  0.007949061821722
  165600, 58282.91838368667,   5770.114626476014,    489.158607749724,  -3504.789200863300,  2.251389721217317046,  5.774684642077249420,  4.523728711268073176,  6767.933575487474296, 0.00076627427204115610, 0.90163917146652113152, 1.02406726201053121725, 0.58370982814257477069, 4.53810219663488447796, -0.545300113040976,  2.308935617448294, 396.411414443480055,  0.005233181427982
  169200, 58282.96005035334,  -5001.462206729427,  -4412.463995013297,  -1170.138510100075,  3.964785752703366147, -2.944102584073950873, -5.869029435319536199,  6767.931028942014645, 0.00076598478160578354, 0.90163935340559993119, 1.02368306937452557739, 0.58370985861442106275, 2.34004645836967169388, -0.176064182837375, -0.456510814584363, 394.049047145229792,  0.004687579363047
  172800, 58283.00171702000,    122.889574227963,   4694.052145453749,   4866.842316519583, -6.924119772701994742, -2.302039461151913370,  2.396269158813336324,  6767.929424846185546, 0.00076607108560460521, 0.90163949438289172603, 1.02380629545223105403, 0.58370992777613272547, 0.13798443135606505778,  0.806467858608408, -3.037288407792721, 395.756975321480979,  0.008384112196188
  176400, 58283.04338368667,   4852.949629676916,  -1137.445483728581,  -4581.825078244218,  4.193633335991917350,  5.656197591079891655,  3.045276249783612015,  6767.925702410504144, 0.00076594562242867378, 0.90163955487525635429, 1.02350390383583711310, 0.58370998371487951134, 4.21886650655662711652, -0.744752813157826,  1.207039609128956, 402.023032418651837,  0.003880579326656
  180000, 58283.08505035334,  -5847.739216481776,  -3372.208012520650,    517.114112229995,  1.982367069726699572, -4.366525573510405837, -5.988325627666913232,  6767.921605527936543, 0.00076569937066539784, 0.90163966792524303557, 1.02305942631064478773, 0.58371010695275682976, 2.02099648675882111572,  0.075415196191150, -1.444164349079190, 392.156828851288310,  0.005961427021284
  183600, 58283.12671702000,   2037.069587725922,   5093.777548383646,   3954.686351498625, -6.528024384142612649, -0.507128291071220022,  4.013983421164521921,  6767.919555674940540, 0.00076576734375617422, 0.90163975744580900990, 1.02335329428858443914, 0.58371016915521117759, 6.10119194090028890741,  0.628225235780466,  2.103450665059626, 392.033034909713763,  0.009084264911059
  187200, 58283.16838368667,   3443.833824312011,  -2648.622756224015,  -5194.264753333638,  5.709473363290236040,  4.964523875680133415,  1.259213761561515432,  6767.915014790703270, 0.00076561727002964776, 0.90163978932641597366, 1.02278737483270390886, 0.58371029160724696624, 3.89994508264593488863, -0.875929384238790, -0.004976454252812, 406.114231716833729,  0.003139185649817
  190800, 58283.21005035334,  -6101.052135384994,  -1990.161257804561,   2151.771378957439, -0.202215272762271888, -5.346891275565642686, -5.500346754118552167,  6767.909390814976119, 0.00076530496747640107, 0.90163982636414518565, 1.02253487512167827195, 0.58371041317449240730, 1.70173589854601284635,  0.323754480306495, -2.439607735195068, 392.593489745243005,  0.007698867779643
  194400, 58283.25171702000,   3743.885751291453,   4975.405559348948,   2640.407057220914, -5.468161311786660994,  1.338954639540282275,  5.223141133178211785,  6767.906228671841558, 0.00076540069926062784, 0.90163983905495635127, 1.02281633540653962486, 0.58371042921855407961, 5.78135790271015628100,  0.404384292241435,  1.050663477156942, 388.514952321477494,  0.009013489004507
  198000, 58283.29338368667,   1685.975639897009,  -3891.331063524127,  -5280.431992228383,  6.646141641765474422,  3.770436133027036259, -0.653329594288834086,  6767.901013732127470, 0.00076517726642259621, 0.90163984111305228237, 1.02219486484935181741, 0.58371048171078399470, 3.58104014016040917627, -0.896498635181537, -1.298119698043084, 407.457899857232405,  0.002976526544923
  201600, 58283.33505035334,  -5735.479433748022,   -406.421119773428,   3567.955325479018, -2.367586546587598048, -5.785292054453243712, -4.453950773832459973,  6767.894963282303068, 0.00076478455849605388, 0.90163984312485405767, 1.02229658542298129718, 0.58371047944598521248, 1.38207251795406052867,  0.556453017910538,  2.811551110798331, 394.714458766881307,  0.008664124430475
  205200, 58283.37671702000,   5069.912906020161,   4351.265263499171,   1057.867189686116, -3.853031764776056336,  3.048102557142828346,  5.900886646391500124,  6767.891174273453863, 0.00076496526595366359, 0.90163983397228886614, 1.02234979952029581278, 0.58371043816381251875, 5.46156789913373725198,  0.159338466230971,  0.046249180813342, 386.760345737397301,  0.008479884555347
  208800, 58283.41838368667,   -242.354728621993,  -4739.927647664416,  -4831.996339036113,  6.909636524765997552,  2.195178452736469335, -2.498926042461953731,  6767.885647068905348, 0.00076458836224043147, 0.90163981685319318811, 1.02197281679130071511, 0.58371034839509822862, 3.26187145316440008590, -0.797575378067274, -2.545806709602239, 405.795859586843051,  0.003154158237530
  212400, 58283.46005035334,  -4787.917167275696,   1218.338843690854,   4621.857637903290, -4.293861914786405601, -5.636641628006479155, -2.954799548795737940,  6767.879949854849780, 0.00076419381685702014, 0.90163981176624878090, 1.02226154051245256965, 0.58371019375020266693, 1.06209534338535225553,  0.753525228576802,  1.704559287676238, 397.189581249617902,  0.008007447783067
  216000, 58283.50171702000,   5880.751805031688,   3285.174677424239,   -631.943572075404, -1.847649846551460804,  4.446589661858816099,  5.978922607994867422,  6767.876644884782203, 0.00076440260555281530, 0.90163984701408317573, 1.02212048523928179257, 0.58371006634986348131, 5.14169655516501358230, -0.092598674313973, -0.941388181216259, 387.764394743183459,  0.006872217473010
  219600, 58283.54338368667,  -2145.917869047255,  -5108.762492541761,  -3894.648307935801,  6.473862650493755103,  0.398103270173886287, -4.091267099665160405,  6767.871511735431369, 0.00076387774320914029, 0.90163986404527384747, 1.02203978783912693669, 0.58370987312514722154, 2.94247286105994244258, -0.616268041268673,  2.602607240645883, 401.908167498045657,  0.003596275487911
  223200, 58283.58505035334,  -3354.393515044708,   2719.189325340803,   5206.390023356017, -5.785050696330524610, -4.915484534086606227, -1.154815057160605339,  6767.866614150039686, 0.00076361442154918711, 0.90163987813062527110, 1.02227705986740762098, 0.58370965536717580284, 0.74197191984612287575,  0.880106068923263,  0.485919432511047, 398.582521252847755,  0.008140408049898
  226800, 58283.62671702000,   6094.607152481288,   1885.751815292607,  -2257.430949158528,  0.343677792328458084,  5.392832880529921299,  5.450245617013391199,  6767.863779970978014, 0.00076373883347940092, 0.90163997558570386121, 1.02213440450462405055, 0.58370943546506631028, 4.82176119264913740237, -0.340409605696798, -1.938425846758812, 391.525550219480294,  0.006249998049781
  230400, 58283.66838368667,  -3832.157876761143,  -4960.681095147258,  -2563.370184490947,  5.383007119621529805, -1.439322586572752259, -5.269692382071748169,  6767.859947559773129, 0.00076318568791415089, 0.90164009035964121297, 1.02215675395934563609, 0.58370921976807253311, 2.62302835628926976717, -0.391455438456459,  1.554403861106533, 397.299775015549926,  0.004537428678438
  234000, 58283.71005035334,  -1580.359953585011,   3943.710769083410,   5262.102442859769, -6.689153626101379864, -3.694724716486039336,  0.763168841308394603,  6767.856599349434663, 0.00076314724190704052, 0.90164016152419062752, 1.02223701321263953936, 0.58370906241467917055, 0.42183276549163594102,  0.893961347905680, -0.809390504958305, 397.961727310772403,  0.008313379992291
  237600, 58283.75171702000,   5690.390200024321,    295.210167865814,  -3653.861671579299,  2.498417336517395501,  5.791628977585667990,  4.369482442588699264,  6767.853771726569118, 0.00076310559737486244, 0.90164028102569949768, 1.02216862852560016117, 0.58370883341666641043, 4.50198945770419325452, -0.571308721613969, -2.974097926806234, 397.009011750316063,  0.005089592771686
  241200, 58283.79338368667,  -5130.505205553403,  -4310.686795576697,   -972.847247381244,  3.747067945743095084, -3.131586319540069395, -5.915130639536733650,  6767.851047405078117, 0.00076266997925733901, 0.90164047423595814628, 1.02204808544157123914, 0.58370867776971047418, 2.30375917757656943174, -0.146410256670080,  0.552179231863526, 393.616975656654517,  0.005316842417587
  244800, 58283.83505035334,    354.063483897890,   4767.516896971838,   4783.274748677007, -6.913869855753368338, -2.098337217211880594,  2.604037930907411695,  6767.849374204278082, 0.00076278502407076813, 0.90164060848554872989, 1.02208381334484359171, 0.58370862610273806074, 0.10176854124820333048,  0.788928506254373, -2.052447850618794, 395.301680137136373,  0.008494967228201
  248400, 58283.87671702000,   4709.628831279714,  -1325.151774488210,  -4679.998021339588,  4.398457041288674037,  5.603501406594889215,  2.846967720194892946,  6767.846261431473420, 0.00076260774531291988, 0.90164071738531457935, 1.02196305505905220170, 0.58370851238192311629, 4.18263011992245398434, -0.764646189145632,  2.195933316018571, 402.520445478473164,  0.004060116798240
  252000, 58283.91838368667,  -5909.484220591028,  -3224.445835688848,    716.025962469723,  1.730991661484030421, -4.507589872528591587, -5.962003362300952065,  6767.843245485195216, 0.00076232603171663565, 0.90164090597648779393, 1.02164309120980097091, 0.58370847621907562345, 1.98469155747652828848,  0.105086882578432, -0.434923931877913, 392.011342403169806,  0.006227206609032
