Time (s),      MJD UTC     ,      ECI X (km)    ,      ECI Y (km)    ,      ECI Z (km)    ,      ECI U (km/s)    ,      ECI V (km/s)    ,      ECI W (km/s)    ,  Semi-Major Axis (km),      Eccentricity     ,    Inclination (rad)  ,  Arg of Perigee (rad) ,       RAAN (rad)      ,   True Anomaly (rad)  ,  Latitude (rad)   ,  Longitude (rad)  ,   Altitude (km)    ,  Rho:10E-9 kg/m^3 
       0, 58281.00171702000,   5645.202965027005,   3728.575367360519,     -0.001760572952, -2.628939793646571488,  3.971095131097599928,  6.021642399051811090,  6768.104184820293188, 0.00077344971656189797, 0.90163606408894199308, 1.02784183557674378641, 0.58371140539788410003, 5.25534313981931389516,  0.001464364038036,  2.317558491640842, 387.259618230551553,  0.035191844332447
    3600, 58281.04338368667,  -1452.405551363119,  -5031.154427652524,  -4296.001778274573,  6.716417947247126873,  1.082039614820409692, -3.538696510700412775,  6768.092183025805046, 0.00077258741851107966, 0.90163690037792750584, 1.02599444174222903677, 0.58371208958478338388, 3.05744289348416868309, -0.690601166992763, -0.379106831110089, 403.801662639347342,  0.026209235185900
    7200, 58281.08505035334,  -3935.983062806140,   2185.761213223457,   5048.855869246440, -5.292150207712619162, -5.247059373339124058, -1.848080980575666737,  6768.075294425756637, 0.00077251377942545501, 0.90163743723053851626, 1.02680609877124544977, 0.58371292911168553143, 0.85647911420126354623,  0.844154353676599, -2.438775661317645, 398.414566044842275,  0.028829571317130
   10800, 58281.12671702000,   6087.777068325490,   2435.749141282053,  -1672.419327456429, -0.477527203288173414,  5.101454663440881364,  5.715040907510375364,  6768.056769415928778, 0.00077319329906198006, 0.90163778529074125380, 1.02743307396504481141, 0.58371349191142644973, 4.93518968047483426540, -0.249618322642145,  1.326720602108305, 390.054866120196039,  0.033467080327882
   14400, 58281.16838368667,  -3243.899667345805,  -5076.256023668835,  -3095.187923412571,  5.858093145352786035, -0.765255329288303533, -4.889585726294286763,  6768.039250509250304, 0.00077231320947459233, 0.90163831030091266052, 1.02523854631056249146, 0.58371414801719772794, 2.73834183673799983188, -0.478119180631496, -1.454867756463400, 399.208100303928347,  0.028426868844997
   18000, 58281.21005035334,  -2266.091507946451,   3531.239676746032,   5304.754924273437, -6.430102634891368778, -4.198108099450391418,  0.051609318979208453,  6768.019456251022985, 0.00077221667403744136, 0.90163866248575456024, 1.02720452346103667616, 0.58371491647760692585, 0.53541712110174251153,  0.903690179943198,  2.564452394424217, 398.544415726136492,  0.028763347979670
   21600, 58281.25171702000,   5910.715916065262,    895.660599102621,  -3173.921305274078,  1.719997635447938580,  5.711661098171156152,  4.827496977988228091,  6767.996587239722734, 0.00077305366143940469, 0.90163876461245447093, 1.02646604547979949636, 0.58371545568198860180, 4.61589465806393594877, -0.488952329119698,  0.308980661238437, 395.048170887107119,  0.030608506012091
   25200, 58281.29338368667,  -4705.380479117473,  -4606.344149451842,  -1580.965787893475,  4.405526053145229129, -2.534553722596552398, -5.744073631179121400,  6767.972937028427200, 0.00077174065927079947, 0.90163893683867542760, 1.02516336284555083398, 0.58371580005247026792, 2.41865935350805516383, -0.238318896691416, -2.470293660929146, 394.933592677219508,  0.030671524027529
   28800, 58281.33505035334,   -366.372964251409,   4516.413984587797,   5020.343864584779, -6.913043261951651908, -2.721769642845551215,  1.945767248941346447,  6767.949801999991168, 0.00077190377528379261, 0.90163907482341599424, 1.02737907589538562177, 0.58371605381047197563, 0.21467325334478820960,  0.839526728543876,  1.287400271489116, 396.513633175828318,  0.029819774416811
   32400, 58281.37671702000,   5133.429131825369,   -734.534237969387,  -4352.209176492869,  3.740112319246896142,  5.741200961289148391,  3.450942095140247010,  6767.925771290027367, 0.00077271853918625682, 0.90163912483435106591, 1.02568126220327710636, 0.58371609589565227319, 4.29675870114590218677, -0.699593033877271, -0.770740498722383, 400.721903736233628,  0.027674267169246
   36000, 58281.41838368667,  -5688.967876163034,  -3669.751303341006,     92.600388387160,  2.506367576726899093, -4.046688310723442195, -6.016021626568800189,  6767.901200778939196, 0.00077089073498280088, 0.90163924494687068127, 1.02580080348700723443, 0.58371592878773223724, 2.09835349750506502606,  0.012291988693865,  2.823162851261785, 392.390923105529566,  0.032096173829848
   39600, 58281.46005035334,   1569.439462870380,   5041.516628280085,   4225.382588046442, -6.692470876800219627, -0.969159786263783344,  3.641148496540087747,  6767.877567626409018, 0.00077174247575661752, 0.90163933369610382195, 1.02714528431887127931, 0.58371566704102575024, 6.17768859642146979556,  0.678465735530031,  0.116526672819639, 392.928686163500117,  0.031788648886805
   43200, 58281.50171702000,   3836.239592402992,  -2289.276311949278,  -5088.589578734167,  5.378685314766022788,  5.188885673472165816,  1.726390245851280876,  6767.854116291688004, 0.00077203414977721906, 0.90163943741218881116, 1.02558399728930459745, 0.58371510084822938639, 3.97727825129261622827, -0.851913498366157, -1.953381020803599, 405.287703448783077,  0.025531533448048
   46800, 58281.54338368667,  -6095.615328863797,  -2361.968254977797,   1755.738034573101,  0.353122092646197381, -5.148779475605420197, -5.678299807430017519,  6767.833211300445677, 0.00077014404092599349, 0.90163977024131600462, 1.02644802734382584349, 0.58371437448386608244, 1.77809935884650921597,  0.262332777573028,  1.832222697491412, 392.192660146324272,  0.032210183716595
   50400, 58281.58505035334,   3344.629309101935,   5054.018852198851,   3001.546815353930, -5.792031208665340678,  0.880799596773309925,  4.965472253420520510,  6767.814651864474422, 0.00077165500629736359, 0.90164013812227630096, 1.02668294973643056082, 0.58371383285442426556, 5.85795578725820108128,  0.463320046437825, -0.954453619797807, 389.163663344911527,  0.034007165359604
   54000, 58281.62671702000,   2151.578089639392,  -3611.490546997704,  -5309.644349593604,  6.471345706109396798,  4.112199496289932867, -0.170969876795355694,  6767.793735685325304, 0.00077106350519469629, 0.90164041096846253857, 1.02594588918866016353, 0.58371305617488108432, 3.65763630988982814049, -0.903252929309542,  3.047675677566004, 407.343524625383111,  0.024625284411085
   57600, 58281.66838368667,  -5884.782065568196,   -815.719763715875,   3240.182686656927, -1.836335686149189957, -5.729489051345139581, -4.765277386448281319,  6767.776593293735413, 0.00076973102440367041, 0.90164095854131147542, 1.02649594113709798180, 0.58371211320375703392, 1.45846191252362234164,  0.500211646102276,  0.812767111918949, 393.940478645058988,  0.031219331958767
   61200, 58281.71005035334,   4779.516896943943,   4553.587596606437,   1473.686771912302, -4.304534496291966349,  2.639958337054575874,  5.784926130043314995,  6767.765166933765377, 0.00077132678027398991, 0.90164173161929852336, 1.02645916661041771540, 0.58371150353112252816, 5.53820684598669729344,  0.222245581425543, -1.967453902710143, 386.820056228375222,  0.035471364576124
   64800, 58281.75171702000,    250.236012420747,  -4568.177177139666,  -4994.074363764475,  6.909299476332460922,  2.620863771286728496, -2.049587109507551739,  6767.749545166199949, 0.00077007243019599760, 0.90164233400780955242, 1.02619038958940466148, 0.58371105131999647184, 3.33833038263109970964, -0.832171636514757,  1.777589374897201, 406.372257662046536,  0.025049206628700
   68400, 58281.79338368667,  -5078.207228718570,    812.462701790136,   4395.954151318801, -3.840520600534234096, -5.730052933709209173, -3.369282453575540601,  6767.734455559585373, 0.00076959183748108070, 0.90164299183835959256, 1.02616811463728501536, 0.58371050323152544006, 1.13917429515195144769,  0.708636468763453, -0.270805770071067, 396.430750878324375,  0.029864394525705
   72000, 58281.83505035334,   5729.395743737712,   3591.750389813327,   -203.019409453094, -2.382034029343817399,  4.130094485880551383,  6.017436893065444645,  6767.725445994111324, 0.00077071363963278654, 0.90164390196796038773, 1.02668395152683974677, 0.58371008540878681922, 5.21823169434075713469, -0.028717869528032, -2.956541210498287, 387.075486748148649,  0.035308688481185
   75600, 58281.87671702000,  -1675.749278304431,  -5063.380985313103,  -4174.444711813535,  6.649536490804704706,  0.865631657130612484, -3.720456951513956431,  6767.715089172889480, 0.00076940870793194893, 0.90164482980173023621, 1.02590001816650464885, 0.58371015925386197682, 3.01969326614314134737, -0.667684297224931,  0.615110565314332, 402.904403652037558,  0.026626930283542
   79200, 58281.91838368667,  -3757.697842637987,   2357.851089048856,   5106.260567424807, -5.456427507172981090, -5.150240962122260384, -1.631508062478717068,  6767.701184886150397, 0.00076956920344328166, 0.90164554193723256707, 1.02602859568040106933, 0.58371037160993639702, 0.81965421739349336294,  0.857117590302969, -1.459246872151431, 398.186435596577326,  0.028946917845746
   82800, 58281.96005035334,   6098.896271744888,   2266.529791573135,  -1858.710160548454, -0.220170747590605790,  5.200844419993651026,  5.640672019629547613,  6767.688499034884939, 0.00077016282093936901, 0.90164624103699548072, 1.02681815710520829967, 0.58371045714002419281, 4.89857573298273883677, -0.278283980965936,  2.334788576238291, 390.184629635820500,  0.033389222218508
   86400, 58282.00171702000,  -3432.105027460607,  -5047.597427684982,  -2933.877623798606,  5.718867768299503057, -0.976610253121907419, -5.015630270393615920,  6767.677843820190623, 0.00076915139985405314, 0.90164716567683725627, 1.02510309607768182764, 0.58371090361635038802, 2.70163380461117405237, -0.451494949527583, -0.450580687925007, 398.294421693924562,  0.028890900719159
   90000, 58282.04338368667,  -2057.104057291191,   3664.018868094664,   5299.311900869483, -6.520092332945281591, -4.048686073543293070,  0.271939752086047410,  6767.663929399110099, 0.00076948440629472918, 0.90164785763780632300, 1.02622817275464580798, 0.58371166826172154763, 0.49977525556125641952,  0.902561948292365, -2.744762084602808, 398.089818669161957,  0.028996294292036
   93600, 58282.08505035334,   5851.550283932525,    712.524539455066,  -3325.952769936779,  1.961772087002185984,  5.744812894961445200,  4.694103823860005124,  6767.645837730276412, 0.00076987278033113632, 0.90164825115155140811, 1.02623033081351448998, 0.58371228250834125657, 4.57989425403058503412, -0.514651309559167,  1.312643922346496, 395.343185587401024,  0.030448247926929
   97200, 58282.12671702000,  -4841.720142089917,  -4522.794233558056,  -1397.860631590472,  4.211381703575025506, -2.720308912651942377, -5.804874855337738389,  6767.628607842088823, 0.00076894026593830130, 0.90164880211561255688, 1.02435702223999510363, 0.58371287211945938793, 2.38356627599235032554, -0.210487792251456, -1.460882008210843, 394.195181737475082,  0.031077698227014
  100800, 58282.16838368667,   -148.934396610964,   4598.781329396892,   4955.834531742946, -6.923625863018980009, -2.537261779680684780,  2.147829691890093209,  6767.611803675774850, 0.00076924602826291169, 0.90164930360956460197, 1.02649570221250219053, 0.58371363160284472818, 0.17987519020217163172,  0.825550722748284,  2.271649750061221, 395.860255866356738,  0.030169064390831
  104400, 58282.21005035334,   5013.474383354153,   -912.788437964042,  -4456.772123028290,  3.943279228543173465,  5.708354199981533590,  3.274793966802895677,  6767.589942910951033, 0.00076967105297290895, 0.90164949057281365590, 1.02514913799618092791, 0.58371434108330748515, 4.26199437716032072509, -0.719981802391329,  0.224217686748706, 400.972613119985567,  0.027552145702407
  108000, 58282.25171702000,  -5762.607055314112,  -3542.340834258731,    278.336656034338,  2.279201036398438340, -4.189821796167352583, -6.008862240229659613,  6767.566065229774575, 0.00076840556222169025, 0.90164965973206811128, 1.02432631059112390815, 0.58371480747766019430, 2.06482565912889342100,  0.039889537305052, -2.448916925981003, 391.925538119038151,  0.032364187890958
  111600, 58282.29338368667,   1773.316656510772,   5067.867633838872,   4111.203772489073, -6.626628738184101125, -0.769706531280347806,  3.805777834579190994,  6767.544505503681108, 0.00076898759149412504, 0.90164986394319117402, 1.02648682375092726584, 0.58371515408681225276, 6.14357270697177674157,  0.657086217135132,  1.114513709967770, 392.192354582686505,  0.032210357887869
  115200, 58282.33505035334,   3670.515948002576,  -2445.224769865938,  -5137.749822402145,  5.525133633266304014,  5.096746692216603950,  1.527156401916984960,  6767.520474114680780, 0.00076929009281448294, 0.90164993875023233337, 1.02436120157515830398, 0.58371540668296969270, 3.94411687785502326894, -0.863060937405806, -0.970045607196168, 405.303872618822368,  0.025524257321530
  118800, 58282.37671702000,  -6102.378937015054,  -2205.585094609068,   1925.492194134546,  0.117174665063648862, -5.237200364459695822, -5.607282588832448293,  6767.494908438117226, 0.00076763781724261410, 0.90165001072146852128, 1.02497484165914509984, 0.58371539697510575843, 1.74545618149981777165,  0.288541379143922,  2.842226637922624, 391.975635152105383,  0.032335131611779
  122400, 58282.41838368667,   3515.219856514862,   5024.604669127383,   2851.685268525966, -5.660333014872369980,  1.074420723142487776,  5.078090177186737582,  6767.471727197249941, 0.00076886034064743483, 0.90165010701417350371, 1.02605230313110503673, 0.58371525899956514796, 5.82472812035826387200,  0.438700373826502,  0.052502611519813, 388.501056397966295,  0.034414345033261
  126000, 58282.46005035334,   1959.081334554904,  -3730.694408774936,  -5301.374526462477,  6.549459688626541334,  3.973121022308427728, -0.372164031857478748,  6767.446947544407299, 0.00076856560257393026, 0.90165015373442735454, 1.02430224090917116307, 0.58371488403582885268, 3.62582168122586385984, -0.901426907517254, -2.256343679057075, 407.023206671919752,  0.024764789064355
  129600, 58282.50171702000,  -5827.481029765077,   -647.596800922321,   3377.710705800201, -2.056894998640980570, -5.757148726495151322, -4.640839445820240498,  6767.423561530737818, 0.00076697466147232376, 0.90165034716713326080, 1.02556269084295679464, 0.58371424113029862980, 1.42619581315837729073,  0.523625721244158,  1.818585709737439, 393.849376220635406,  0.031270349316444
  133200, 58282.54338368667,   4901.388672784812,   4474.407049903486,   1305.226207255991, -4.123912713884264224,  2.808492496792704160,  5.836985587343466758,  6767.404619868352699, 0.00076868715644782578, 0.90165068608456564662, 1.02548032867403070528, 0.58371368856643173818, 5.50628886132219372155,  0.196681727331507, -0.955936998675810, 386.366493449142183,  0.035762779258058
  136800, 58282.58505035334,     51.875452434488,  -4640.651630502572,  -4932.392045861741,  6.915051640237502548,  2.451451797915516774, -2.232392109862039130,  6767.382433648691015, 0.00076753997103383325, 0.90165090231356493332, 1.02476570550565420075, 0.58371300969833375997, 3.30726763448226486540, -0.818926577926846,  2.766858623602214, 405.734682683047481,  0.025331739619459
  140400, 58282.62671702000,  -4966.235874706582,    974.655622861046,   4489.133656567501, -4.024230411418833273, -5.697517155956253484, -3.206978444163530421,  6767.362231213630055, 0.00076659981404883618, 0.90165126757925685735, 1.02563146542661598026, 0.58371206909226716467, 1.10748453037438812315,  0.726993012324175,  0.726970734170744, 396.307551814875183,  0.029929997538116
  144000, 58282.66838368667,   5793.061416284444,   3473.745078917321,   -371.904291407607, -2.173695792654963463,  4.257943604608989180,  6.007243334613556711,  6767.349087339299837, 0.00076818348312265347, 0.90165194748185125703, 1.02533616903429765658, 0.58371126825082541938, 5.18770193916416932868, -0.053847624789816, -1.943510897203628, 386.891434229627521,  0.035426396435335
  147600, 58282.71005035334,  -1859.605093278223,  -5084.600984754826,  -4068.774188281228,  6.586686569722813914,  0.684737619008403405, -3.867580474264226122,  6767.333507955205911, 0.00076654055236498681, 0.90165257032297373672, 1.02517759087176565816, 0.58371072468014506470, 2.98894668431169095073, -0.648088038730866,  1.616893670841069, 402.076746897703913,  0.027019161489102
  151200, 58282.75171702000,  -3605.691772972387,   2498.081537549478,   5148.366543349768, -5.586931761847005818, -5.064398010557520318, -1.450020557501154958,  6767.316923982637003, 0.00076650733555984466, 0.90165312638552407910, 1.02542763745240783570, 0.58371010963424036915, 0.78905132144108293526,  0.866779721998645, -0.471799726968896, 397.906751279045466,  0.029090556847687
  154800, 58282.79338368667,   6101.627162689499,   2124.046695437605,  -2010.966429173434, -0.006868540867506357,  5.277710365243509179,  5.573221462261157866,  6767.305583764003200, 0.00076745580883586464, 0.90165391896825907738, 1.02564944346790984093, 0.58370946406276462794, 4.86892418131227249639, -0.301889302622181, -2.936361665544680, 390.231723486750298,  0.033361283142817
  158400, 58282.83505035334,  -3583.975994944015,  -5018.698256115302,  -2797.610919861993,  5.598039950371143907, -1.150195601606367331, -5.114648055181573165,  6767.295830496704610, 0.00076595906203746040, 0.90165490287515885490, 1.02500326155136104107, 0.58370926359969525397, 2.67130319755508688958, -0.429261261585185,  0.559230372949754, 397.458609628539705,  0.029323522993159
  162000, 58282.87671702000,  -1882.859692968328,   3769.657316087061,   5289.430416554819, -6.587704548447691454, -3.921533260998163045,  0.453195936422961797,  6767.283167352514382, 0.00076654079127186333, 0.90165566498500271809, 1.02535039355150184423, 0.58370934218610119983, 0.47048791323167399732,  0.900370161446967, -1.760206981303117, 397.610357766021991,  0.029244613961669
  165600, 58282.91838368667,   5797.118243774333,    561.376327975765,  -3447.531214698046,  2.158488641761095593,  5.766442721848803741,  4.579935589422535771,  6767.269559632605918, 0.00076684316556508474, 0.90165633473409736900, 1.02569022962820052944, 0.58370930403453510839, 4.55066812437711877039, -0.535478634680384,  2.320889494209319, 395.499049104418816,  0.030363513483614
  169200, 58282.96005035334,  -4948.698967121129,  -4449.935168670550,  -1246.489426966043,  4.048277021078765876, -2.869924339478242742, -5.849162607559793762,  6767.258842121204589, 0.00076578909208333167, 0.90165727953364051115, 1.02422230880385529907, 0.58370949022763173546, 2.35428859895937239765, -0.187597315843327, -0.447027056033664, 393.515367402151469,  0.031457394254795
  172800, 58283.00171702000,     28.851582418184,   4661.670364727900,   4898.394754807198, -6.925776495977292885, -2.384115567460071616,  2.310918824303328892,  6767.247838213031611, 0.00076645600651059866, 0.90165811799151323556, 1.02549257982794560175, 0.58371008793784391437, 0.15172748758781343578,  0.813278510655225, -3.017278490551296, 395.229119589183767,  0.030510275421841
  176400, 58283.04338368667,   4911.062834506227,  -1057.160806844411,  -4537.797324662828,  4.105217434978527279,  5.676361190801496787,  3.128278690055613738,  6767.231015119617385, 0.00076646055127528832, 0.90165860985422504567, 1.02496472455905840795, 0.58371071118900867713, 4.23342408373754615792, -0.736045553428393,  1.225206116786526, 401.077622661999783,  0.027500964895620
  180000, 58283.08505035334,  -5817.179550936201,  -3435.555992966097,    429.010109745041,  2.092516136475244016, -4.302397832244607730, -5.997663859726138664,  6767.213522035568164, 0.00076559971909119095, 0.90165916939391290970, 1.02352178092631808371, 0.58371124807898374840, 2.03718584452998647811,  0.062303276374976, -1.433770715986878, 391.485300076258341,  0.032620525955770
  183600, 58283.12671702000,   1936.980628552417,   5084.669162742088,   4014.978778180259, -6.567413037647056073, -0.607339726863504201,  3.935877617504009677,  6767.199082207412637, 0.00076618582466060441, 0.90165979268017675371, 1.02565673918705120668, 0.58371190640476214800, 6.11621833610197283750,  0.639333991187502,  2.119945147261745, 391.522981077581449,  0.032598441164227
  187200, 58283.16838368667,   3533.297518701850,  -2569.173676770118,  -5173.005092747027,  5.638823472114932068,  5.017845183119643038,  1.364736805460931621,  6767.179374330972458, 0.00076617717190246380, 0.90166012620534836616, 1.02385695684953410389, 0.58371272765819432886, 3.91682069577900395505, -0.871166925104384,  0.021869717719866, 405.219747924811941,  0.025562113433835
  190800, 58283.21005035334,  -6102.602191186888,  -2077.511354026198,   2060.802284022976, -0.073344400892039751, -5.304125209563032450, -5.545252102738448740,  6767.155665608239787, 0.00076510560974415199, 0.90166032400537082727, 1.02359176198006387721, 0.58371333188216526769, 1.71931218976635386193,  0.309579170943056, -2.426797833151404, 391.751403055516505,  0.032465186227800
  194400, 58283.25171702000,   3649.617154851863,   4996.686360860759,   2728.642372138316, -5.549593367060532140,  1.229431774108348811,  5.164570817704926268,  6767.134957268740469, 0.00076594512143572391, 0.90166057457681236456, 1.02550801728088208128, 0.58371372309872799792, 5.79801395159290437363,  0.418692619900670,  1.064936071081959, 387.923253298177144,  0.034774350422148
  198000, 58283.29338368667,   1802.781180685487,  -3823.408954873877,  -5290.390487427568,  6.606956939811655333,  3.858135145536309135, -0.533555025608123121,  6767.112104568881335, 0.00076577160991394511, 0.90166073719176972738, 1.02310718146398434820, 0.58371415327865710013, 3.60013159407034828252, -0.898949822225431, -1.266391327703079, 406.680268992373271,  0.024913681643356
  201600, 58283.33505035334,  -5776.829183750615,   -512.223682902387,   3485.317348972955, -2.232229067423184552, -5.774761071248045592, -4.537334272215639696,  6767.086229254233508, 0.00076444596055455480, 0.90166079878894096658, 1.02424756248854469944, 0.58371433831779775454, 1.40087930578238093371,  0.542169359784001,  2.829230293619796, 393.730943554334033,  0.031336671609573
  205200, 58283.37671702000,   4995.114014459432,   4407.483629325851,   1169.322306757977, -3.976065986274475198,  2.941254660349216182,  5.874154866246436126,  6767.062784766128577, 0.00076583779391916647, 0.90166089042460777664, 1.02490164307629685859, 0.58371430869783985391, 5.48052862169589634659,  0.176150981990179,  0.059989683851549, 385.974593421170482,  0.036016514276239
  208800, 58283.41838368667,   -106.727048258942,  -4695.007605986189,  -4879.314051057151,  6.914423557078089303,  2.314172902392168211, -2.376853145584523744,  6767.037731925573668, 0.00076504134606478348, 0.90166094328888232967, 1.02310660392465161024, 0.58371412740345044888, 3.28295801003328216829, -0.807676587264282, -2.517411217248521, 405.152013824648463,  0.025592593778908
  212400, 58283.46005035334,  -4873.152681105389,   1103.321531396618,   4560.118210216062, -4.167861818159473700, -5.667323232212442902, -3.075078345970782777,  6767.012687130722792, 0.00076388310756498247, 0.90166103345684432945, 1.02476347377481795278, 0.58371364766597248682, 1.08263715231029650731,  0.741189018738227,  1.731027163646516, 396.153987293078842,  0.030011846861737
  216000, 58283.50171702000,   5839.500174698958,   3377.226474831570,   -506.126036243754, -2.006187777186057029,  4.356676434934058254,  5.994797459334628411,  6766.992224418480845, 0.00076558974349529620, 0.90166130493101612117, 1.02426776305097228274, 0.58371310327019496739, 5.16338433996626224552, -0.073843692628069, -0.926477225674889, 386.709400199886261,  0.035541983872073
  219600, 58283.54338368667,  -2004.401910044605,  -5097.821104535490,  -3981.881602416748,  6.532092182711889822,  0.540478874692659976, -3.981826553238578115,  6766.969438601004934, 0.00076401547263409330, 0.90166151555646640962, 1.02368159737394112327, 0.58371252343525467269, 2.96542941849471009008, -0.632188352170506,  2.625704610667420, 401.350583970344360,  0.027368213854531
  223200, 58283.58505035334,  -3482.623084602399,   2607.513135533967,   5178.158199117208, -5.686590613683137678, -4.992839627844279992, -1.305079949778445380,  6766.947094592176688, 0.00076357631042103381, 0.90166173779216389532, 1.02481294044597846425, 0.58371167411208888410, 0.76491998380722953755,  0.873708069606640,  0.524348168735507, 397.610009379739893,  0.029244795122535
  226800, 58283.62671702000,   6099.607293284568,   2009.914102726125,  -2130.025136304798,  0.161865705759776091,  5.334985153332630092,  5.516155806548051857,  6766.931051652553076, 0.00076497706463746144, 0.90166227436971332888, 1.02419570703197214368, 0.58371075013418501125, 4.84600004373694235628, -0.320470943519931, -1.920183392154255, 390.207396996089813,  0.033375635772307
  230400, 58283.66838368667,  -3701.378670361360,  -4992.567009551537,  -2688.264271368543,  5.499083221181118677, -1.286378193161824544, -5.189462406847483347,  6766.915141362956898, 0.00076307133216577288, 0.90166291461567166476, 1.02421803710484392617, 0.58371008641224125931, 2.64808288764348125836, -0.411579437377727,  1.574236479686808, 396.724340902331960,  0.029709099321764
  234000, 58283.71005035334,  -1744.628728861047,   3850.257307827118,   5278.225648124584, -6.636698606937038338, -3.819067976236098808,  0.595458896039727083,  6766.897758844565967, 0.00076353223799246933, 0.90166340239814338366, 1.02461976461600138026, 0.58370945150817623963, 0.44749807010301343596,  0.897856110119659, -0.765103774215624, 397.138338922053322,  0.029490680371312
  237600, 58283.75171702000,   5750.790316931111,    442.600570692750,  -3540.617921842207,  2.311320769013398934,  5.779863770799630408,  4.487667501580707069,  6766.883692886618653, 0.00076416996580620450, 0.90166406046003848106, 1.02451747547143047674, 0.58370864542688078260, 4.52851652150858431396, -0.551608574341351, -2.949141593659260, 395.527327913394060,  0.030348242926767
  241200, 58283.79338368667,  -5029.160491359712,  -4390.317725793153,  -1127.545378842886,  3.918511497612770976, -2.985034458990007686, -5.880275646942924775,  6766.873159421602255, 0.00076258248550765805, 0.90166503814149399860, 1.02408819564419053313, 0.58370815215548002742, 2.33145847325473702487, -0.169675917234893,  0.571110251301638, 392.896664088508089,  0.031806901469550
  244800, 58283.83505035334,    167.064576909872,   4707.761049621214,   4850.792039072466, -6.923427550483382471, -2.263647364984161897,  2.436408053910717634,  6766.861769038454434, 0.00076354293437868730, 0.90166585936017334583, 1.02451096142387278979, 0.58370807242933498251, 0.13004260769270664948,  0.803232063633030, -2.013736549120188, 394.632430921647767,  0.030836162993094
  248400, 58283.87671702000,   4828.904619973516,  -1168.309755459459,  -4597.878823830663,  4.228306384270843015,  5.648410416156953955,  3.013082915634863267,  6766.847619236281250, 0.00076345200460028329, 0.90166651801297317365, 1.02447648077779333983, 0.58370791646620581706, 4.21165029040256262954, -0.748126457979671,  2.232760906229467, 401.041250687659954,  0.027518787163047
  252000, 58283.91838368667,  -5855.938563749232,  -3351.285574525006,    544.914063858199,  1.947440191015764970, -4.386848131451502111, -5.985772212902767876,  6766.835842216532321, 0.00076244693514921098, 0.90166743555317562073, 1.02334392608880020285, 0.58370785952447524803, 2.01543553396142792922,  0.079570831864939, -0.414598896612745, 391.048880600720167,  0.032876160445575
