Time (s),      MJD UTC     ,      ECI X (km)    ,      ECI Y (km)    ,      ECI Z (km)    ,      ECI U (km/s)    ,      ECI V (km/s)    ,      ECI W (km/s)    ,  Semi-Major Axis (km),      Eccentricity     ,    Inclination (rad)  ,  Arg of Perigee (rad) ,       RAAN (rad)      ,   True Anomaly (rad)  ,  Latitude (rad)   ,  Longitude (rad)  ,   Altitude (km)    ,  Rho:10E-9 kg/m^3 
       0, 58281.00171702000,   5645.202965027005,   3728.575367360519,     -0.001760572952, -2.628939793646571488,  3.971095131097599928,  6.021642399051811090,  6768.104184820293188, 0.00077344971656189797, 0.90163606408894199308, 1.02784183557674378641, 0.58371140539788410003, 5.25534313981931389516,  0.001464364038036,  2.317558491640842, 387.259618230551553,  0.000000000000000
    3600, 58281.04338368667,  -1452.414801395833,  -5031.169586176895,  -4296.007281660469,  6.716406110199098191,  1.082017990905578083, -3.538699318657628722,  6768.104232121041317, 0.00077340505280515000, 0.90163604136770218169, 1.02787651871035725629, 0.58371138678086588198, 3.05556011535337407651, -0.690600183856500, -0.379107728474230, 403.818375781688587,  0.000000000000000
    7200, 58281.08505035334,  -3935.902987630024,   2185.871443515946,   5048.897600602922, -5.292241438390509374, -5.246999146931329581, -1.847962956821496066,  6768.103889846359976, 0.00077343425096512359, 0.90163602512705996527, 1.02788033676130953085, 0.58371136470184013101, 0.85538506563533204776,  0.844160289643390, -2.438805637608191, 398.434866044700129,  0.000000000000000
   10800, 58281.12671702000,   6087.850508604867,   2435.511732664942,  -1672.697495014165, -0.477154456446483979,  5.101591239886797529,  5.714910916021704134,  6768.104047338687592, 0.00077343434767029920, 0.90163600854171465428, 1.02786296878991742130, 0.58371135177628489388, 4.93470651871107183345, -0.249659073698922,  1.326682811208792, 390.104653402270628,  0.000000000000000
   14400, 58281.16838368667,  -3244.440716998046,  -5076.237443383955,  -3094.796070239914,  5.857704956016778629, -0.765845549264737911, -4.889898667320203454,  6768.104304653190089, 0.00077340064211128735, 0.90163598403759061441, 1.02790365776098658798, 0.58371133548533605970, 2.73558028240934464088, -0.478048952042460, -1.454945263261665, 399.273048501432072,  0.000000000000000
   18000, 58281.21005035334,  -2265.168165836858,   3531.915328024999,   5304.795169439668, -6.430515040300872157, -4.197395729387078287,  0.052612983423509884,  6768.104001311399582, 0.00077344265194670571, 0.90163596357431450646, 1.02789777205145688123, 0.58371131036871256041, 0.53455722726647843934,  0.903686112319403,  2.564180542744095, 398.619388713453247,  0.000000000000000
   21600, 58281.25171702000,   5910.440901924823,    894.368888396972,  -3175.045543620414,  1.721692270266278901,  5.711870037157904116,  4.826532697544231936,  6768.103925397179049, 0.00077343506531765890, 0.90163594764052334822, 1.02788724698453182919, 0.58371129293500906716, 4.61422041162501672109, -0.489131795631379,  0.308774028467804, 395.167655090714447,  0.000000000000000
   25200, 58281.29338368667,  -4706.864182432904,  -4605.624003366328,  -1579.199262116537,  4.403582108844493703, -2.536423444730674501, -5.744643044116675575,  6768.104280319086849, 0.00077341550547860950, 0.90163592340564690310, 1.02792300950527702122, 0.58371127860848781219, 2.41554615593994265188, -0.238044790809738, -2.470529849633224, 395.060022861589232,  0.000000000000000
   28800, 58281.33505035334,   -363.396258323537,   4517.694155665773,   5019.600687027107, -6.913194121654295944, -2.719202913577631969,  1.948523565214754925,  6768.104154914035980, 0.00077346379060851583, 0.90163589837486586922, 1.02790256983949830529, 0.58371125292132874918, 0.21366162486848812603,  0.839340594261149,  1.286722208130562, 396.652469251118816,  0.000000000000000
   32400, 58281.37671702000,   5131.472936723506,   -737.821216833806,  -4354.261049599883,  3.743786783476721967,  5.740573890393120459,  3.447735651603661829,  6768.103877398627751, 0.00077344549541730228, 0.90163588130823847113, 1.02789451084233354966, 0.58371122958259668998, 4.29390798391513952778, -0.699965198382352, -0.771420450695589, 400.923530179796103,  0.000000000000000
   36000, 58281.41838368667,  -5690.932508003558,  -3666.959939460471,     96.873451373139,  2.501115792216888374, -4.050013779528669740, -6.015829442711144083,  6768.104171345364569, 0.00077343780045910507, 0.90163585897169864109, 1.02791875468792728312, 0.58371121520971193348, 2.09543124876818997841,  0.012926259235840,  2.822658455588662, 392.589731366215517,  0.000000000000000
   39600, 58281.46005035334,   1575.447217702796,   5042.540620329666,   4222.269200820715, -6.690582818073768014, -0.963337709852679031,  3.645914528639098186,  6768.104283913141245, 0.00077348193118939318, 0.90163583043659331959, 1.02788541922377216935, 0.58371119138119001240, 6.17593979235467102802,  0.677851541406228,  0.115496368870989, 393.131681006022745,  0.000000000000000
   43200, 58281.50171702000,   3830.589465982870,  -2294.988857135184,  -5090.631731574656,  5.383896846508764159,  5.185589531309310379,  1.719304772817819964,  6768.103928710600957, 0.00077344969091233014, 0.90163581006777070398, 1.02788145053295759234, 0.58371116250653041466, 3.97375961786097148492, -0.852326340460329, -1.955124084014302, 405.566477944440805,  0.000000000000000
   46800, 58281.54338368667,  -6096.314239515737,  -2355.435310394363,   1763.077167576192,  0.343047189754367188, -5.152592576535304225, -5.675266118261869867,  6768.104028739949020, 0.00077345045106904130, 0.90163579003013979979, 1.02789532226797146897, 0.58371114505874814604, 1.77519936317077620320,  0.263450622137213,  1.831251609616094, 392.465143208504060,  0.000000000000000
   50400, 58281.58505035334,   3353.547924933840,   5052.888125186494,   2994.131072664593, -5.785390336857105350,  0.890674839940966013,  4.971203872860786185,  6768.104331866973092, 0.00077348207514396530, 0.90163576021634216025, 1.02785818356827680226, 0.58371112428910268416, 5.85505961202527450441,  0.462073159272023, -0.955785843763777, 389.426940097695137,  0.000000000000000
   54000, 58281.62671702000,   2140.333714687567,  -3618.897224912114,  -5309.572632865894,  6.476018164535863133,  4.103942787586667839, -0.182916357171852083,  6768.104059778647360, 0.00077343764790625971, 0.90163573497926226415, 1.02786441339273005723, 0.58371109206809040828, 3.65373146931607962421, -0.903178224085801,  3.044479946287988, 407.676537145083046,  0.000000000000000
   57600, 58281.66838368667,  -5881.373152941215,   -804.254306146221,   3249.861794629689, -1.851471851483554997, -5.731468662961685777, -4.756773303214745576,  6768.103919704915979, 0.00077344667156084018, 0.90163571607587514789, 1.02787362148279192786, 0.58371106872042750251, 1.45481160350480901312,  0.501821711844893,  0.810933941368309, 394.274824781404050,  0.000000000000000
   61200, 58281.71005035334,   4789.555007549371,   4547.778377557876,   1460.548230329473, -4.290400393842991965,  2.653286905980075220,  5.789066048491379228,  6768.104278889618770, 0.00077346384021417854, 0.90163568753660826082, 1.02784341206739188396, 0.58371105020076229525, 5.53423246383702046192,  0.220235125177785, -1.969142161188651, 387.144176911050579,  0.000000000000000
   64800, 58281.75171702000,    232.612010357593,  -4575.138380540788,  -4989.069173996583,  6.909893274721352002,  2.605784976431696784, -2.065881264792907646,  6768.104214659972221, 0.00077341537824036417, 0.90163565731884373172, 1.02786380790741935373, 0.58371101784007445041, 3.33376388534743320932, -0.831024268467831,  1.773660979943324, 406.729561281336316,  0.000000000000000
   68400, 58281.79338368667,  -5067.552550408962,    828.802035956093,   4405.704127344827, -3.858973194951003184, -5.726932230712128194, -3.353076615190236558,  6768.103897109738898, 0.00077343592044853035, 0.90163563718417432118, 1.02787190801364547660, 0.58371098727283001210, 1.13424738212169567140,  0.710493865501924, -0.274269677524655, 396.804990009574624,  0.000000000000000
   72000, 58281.83505035334,   5737.177603464685,   3578.921004447171,   -221.981792989406, -2.358772665429992232,  4.144545824072355648,  6.016371365224917889,  6768.104151217754806, 0.00077344196298578142, 0.90163561169768118513, 1.02785349439918742131, 0.58371096825196945113, 5.21348784402233056401, -0.031535883179329, -2.958762620351589, 387.470416235159632,  0.000000000000000
   75600, 58281.87671702000,  -1698.741739654667,  -5066.670803870159,  -4161.810015153906,  6.641871710978454324,  0.843164765345675177, -3.738754582122128918,  6768.104326182468122, 0.00077340000055084359, 0.90163557812197802472, 1.02788460538727610195, 0.58371093858364092794, 3.01380488540913810862, -0.665272886905482,  0.611211135981885, 403.266887721604689,  0.000000000000000
   79200, 58281.91838368667,  -3737.366029954663,   2377.386076924763,   5112.599214665467, -5.474445857057961228, -5.138642275367749937, -1.606676555534690667,  6768.103974937347078, 0.00077343456373637620, 0.90163555417305895452, 1.02788896627800870477, 0.58371090174685314692, 0.81352152979777255805,  0.858490186335849, -1.465408694553088, 398.576846317659715,  0.000000000000000
   82800, 58281.96005035334,   6100.118673276057,   2245.314339368355,  -1881.907693139266, -0.188065080415604462,  5.212618952462324755,  5.630596540652245732,  6768.104009431816464, 0.00077343281514447894, 0.90163553186670898030, 1.02787902653089448105, 0.58371087852398547519, 4.89286602076306147624, -0.281849220605426,  2.331662687738556, 390.665563602351881,  0.000000000000000
   86400, 58282.00171702000,  -3457.550636450869,  -5043.577828513647,  -2911.835227897378,  5.699149144216805542, -1.005266363817200937, -5.032002441164870006,  6768.104346387267466, 0.00077340425475529470, 0.90163549779484802957, 1.02791117344089583954, 0.58371085261777587411, 2.69382007136329954997, -0.447847410892070, -0.454399799195488, 398.668903229484272,  0.000000000000000
   90000, 58282.04338368667,  -2026.130343345745,   3683.557836873797,   5298.208015195643, -6.532461831523945906, -4.025980526529898575,  0.304499462305232532,  6768.104121268230616, 0.00077344986375897637, 0.90163546843932399676, 1.02790545403308969765, 0.58371081252582818108, 0.49268161273165313587,  0.902238562108256, -2.753453439118674, 398.481754370034992,  0.000000000000000
   93600, 58282.08505035334,   5841.809596290621,    683.021007287028,  -3350.195065401085,  2.000242098948576501,  5.749257909256995378,  4.671871617250895614,  6768.103920729389096, 0.00077343952768417406, 0.90163544758512272406, 1.02789742879838084933, 0.58371078200872545701, 4.57240628761823042492, -0.518738407420532,  1.307868057097499, 395.918084805023682,  0.000000000000000
   97200, 58282.12671702000,  -4865.093144292441,  -4508.101039940174,  -1366.050396322272,  4.177034091225886057, -2.752130871975094314, -5.814348522041108914,  6768.104268473147140, 0.00077342477063523172, 0.90163541598710941885, 1.02792142063509907724, 0.58371075845108415426, 2.37378352067727366290, -0.205651942124961, -1.464913635503815, 394.616202796142943,  0.000000000000000
  100800, 58282.16838368667,   -108.228942014656,   4613.979693618785,   4943.371327143303, -6.924402990725438584, -2.502208617028188454,  2.185265982996760740,  6768.104272471783479, 0.00077347239914894559, 0.90163538150723914220, 1.02790236361787852581, 0.58371071899381600799, 0.17178661897066589015,  0.822790509746671,  2.262718163625335, 396.257929509517112,  0.000000000000000
  104400, 58282.21005035334,   4988.982102339352,   -948.802559156017,  -4477.554917954245,  3.983490972328247080,  5.700625750889532859,  3.238553608451008639,  6768.103928130581085, 0.00077344966041593228, 0.90163535916143670976, 1.02789380575981290219, 0.58371068014950380304, 4.25212444539924551163, -0.723998266693894,  0.216390822221761, 401.629422052808252,  0.000000000000000
  108000, 58282.25171702000,  -5778.167827527850,  -3514.455228756592,    318.556893802052,  2.229506518503960727, -4.220086323855139579, -6.005988683407640796,  6768.104130196361719, 0.00077344505475396815, 0.90163533181490753971, 1.02790721324082196821, 0.58371065540541081177, 2.05366221084956319487,  0.045865813624200, -2.453639841783736, 392.439148907420531,  0.000000000000000
  111600, 58282.29338368667,   1820.711184787137,   5073.636757444691,   4084.165410614293, -6.609881635401842910, -0.722941946296090264,  3.843298381361264154,  6768.104362344594183, 0.00077348426905348862, 0.90163529447533875718, 1.02787929986647261443, 0.58371061963244157410, 6.13406990329840282094,  0.652004612178541,  1.106551339129147, 392.624045096974896,  0.000000000000000
  115200, 58282.33505035334,   3628.774051761693,  -2484.153232809526,  -5149.568226656412,  5.560466346069612452,  5.072462360209961993,  1.476913378152459648,  6768.104030853991415, 0.00077344753269638332, 0.90163526775024761324, 1.02787451367326302764, 0.58371057413655947352, 3.93199919817277410063, -0.865641846564350, -0.982647960691999, 406.007244424035378,  0.000000000000000
  118800, 58282.37671702000,  -6103.636544225158,  -2163.426794206087,   1970.750272556963,  0.053926973834700292, -5.259684750232245163, -5.586777993733827196,  6768.103996972700465, 0.00077345052143937285, 0.90163524436511088985, 1.02788202638192572994, 0.58371054393600246330, 1.73341253837728535652,  0.295531448919937,  2.836036317145700, 392.611293553895621,  0.000000000000000
  122400, 58282.41838368667,   3563.886953963880,   5015.627788524676,   2808.247961880631, -5.621046699746154767,  1.129888652510217336,  5.109054701974952514,  6768.104352708950994, 0.00077347553120458285, 0.90163520761675639687, 1.02785524071901114291, 0.58371051256744632181, 5.81319230287214562102,  0.431567205808711,  0.045169212010527, 389.016213013860579,  0.000000000000000
  126000, 58282.46005035334,   1899.732295500727,  -3767.033453742884,  -5298.196168317681,  6.571608653460649698,  3.929187685718742731, -0.433895693249879326,  6768.104184813339548, 0.00077342955619363294, 0.90163517505138706320, 1.02786080417250679083, 0.58371046426928332415, 3.61198007639770741432, -0.900565863970377, -2.272789576156664, 407.725393569231130,  0.000000000000000
  129600, 58282.50171702000,  -5807.979548435835,   -592.259179426550,   3422.374256451910, -2.128698469037376921, -5.764589148268891633, -4.598532538551394207,  6768.103932154905210, 0.00077344162376012665, 0.90163515327058842765, 1.02786856409277800074, 0.58371042546685845747, 1.41299578108763101275,  0.531229025234699,  1.809540751180849, 394.595875863164736,  0.000000000000000
  133200, 58282.54338368667,   4943.527263359413,   4445.982670254042,   1245.858908927648, -4.059258985248784210,  2.866876404785803189,  5.853335247087531953,  6768.104251092093861, 0.00077345342463935632, 0.90163512033872211934, 1.02785094511763422105, 0.58371039634661502939, 5.49236638255599315039,  0.187679987444963, -0.963380572444471, 387.022466550557169,  0.000000000000000
  136800, 58282.58505035334,    -22.321608114067,  -4667.211967763895,  -4908.558972829366,  6.914869924687281604,  2.387157491278911598, -2.300002266652637009,  6768.104322861317619, 0.00077340815570655324, 0.90163508273777638662, 1.02786861235401997009, 0.58371034969034646422, 3.29201064129659045840, -0.813714640322602,  2.750879206149741, 406.397586160748801,  0.000000000000000
  140400, 58282.62671702000,  -4920.860964114162,   1039.202556214936,   4525.456848813271, -4.096029540572054550, -5.682597908582312629, -3.141113168547446921,  6768.103967978451515, 0.00077343282291719994, 0.90163505909143899461, 1.02787778486949415025, 0.58371030177234369153, 1.09240074752835664683,  0.734115897851003,  0.712665283554408, 397.109265367115313,  0.000000000000000
  144000, 58282.66838368667,   5819.115306593304,   3422.998898879754,   -443.577684266818, -2.084494665297967837,  4.310733810803757956,  6.000572234426040715,  6768.104107139241718, 0.00077343567604177802, 0.90163503155085031630, 1.02786957388666681259, 0.58371027059906436190, 5.17162965141327318937, -0.064512791785493, -1.951951240280391, 387.731656801954330,  0.000000000000000
  147600, 58282.71005035334,  -1942.112322063297,  -5093.336177588261,  -4020.351612678520,  6.555751813066045251,  0.602831021655466650, -3.932295539725443253,  6768.104385415664177, 0.00077340060359515384, 0.90163499185600690729, 1.02789343959127336731, 0.58371022864534972876, 2.97204770842598622665, -0.639092803516706,  1.603199280216498, 402.695631909850022,  0.000000000000000
  151200, 58282.75171702000,  -3532.281180929621,   2564.743682810296,   5167.350556294475, -5.647083241402261245, -5.021276848545388567, -1.362555168949457821,  6768.104090619553559, 0.00077343835378000636, 0.90163496330381635716, 1.02789893013386357014, 0.58371017415499173975, 0.77165382800937670196,  0.871015071210280, -0.493883756892446, 398.685839994794094,  0.000000000000000
  154800, 58282.79338368667,   6101.720255103035,   2051.184544822123,  -2087.830938555182,  0.101332764474851421,  5.314523499481201406,  5.536442117244738239,  6768.103989494152031, 0.00077343421785780965, 0.90163494029897236473, 1.02789379198899721727, 0.58371013625515140487, 4.85102861022513883729, -0.313821228349210, -2.947058549334898, 391.262703843437350,  0.000000000000000
  158400, 58282.83505035334,  -3664.635063962958,  -5002.118655643203,  -2723.791209908339,  5.530641636021812099, -1.242950550735364059, -5.165336793407956014,  6768.104347487595112, 0.00077341319002620155, 0.90163490247402444222, 1.02791442074820356444, 0.58371009918786371498, 2.65206208947130723489, -0.417237907940312,  0.547064253912977, 398.074526634946778,  0.000000000000000
  162000, 58282.87671702000,  -1783.537674935912,   3828.752175005205,   5282.340039600323, -6.622974074512908085, -3.847499690185642037,  0.555869194301456304,  6768.104246483671296, 0.00077345820156320787, 0.90163486786657055940, 1.02790994536281137656, 0.58371004278919098255, 0.45080702726221179169,  0.898598828802284, -1.787478770555025, 398.306435604951787,  0.000000000000000
  165600, 58282.91838368667,   5762.968802990786,    470.473164485880,  -3519.493587104478,  2.275277362432818781,  5.776596282729676810,  4.509058446118054740,  6768.103954087906173, 0.00077344464244396145, 0.90163484638441714287, 1.02790200341667506466, 0.58370999519322323601, 4.53059956572616761130, -0.547828485836874,  2.305822669116493, 396.676663142757207,  0.000000000000000
  169200, 58282.96005035334,  -5014.836560625326,  -4402.707272821241,  -1150.513203417342,  3.943175724199520912, -2.963055842677085514, -5.873912690171232348,  6768.104229861986962, 0.00077343546862236368, 0.90163481375520639028, 1.02791371269398474080, 0.58370996003754900929, 2.33202424364876753833, -0.173103250862229, -0.458937267739464, 394.205558209367496,  0.000000000000000
  172800, 58283.00171702000,    147.134661484229,   4702.183494337378,   4858.479178983066, -6.923481149109436746, -2.280819802616857674,  2.418188370422212256,  6768.104366988645380, 0.00077347758763464414, 0.90163477453438751948, 1.02789848297217605532, 0.58370990655321710103, 0.12991392896069339595,  0.804679625031735, -3.042401684924243, 395.838277149982503,  0.000000000000000
  176400, 58283.04338368667,   4837.776064762681,  -1158.133252886797,  -4593.032221180620,  4.216225246789168356,  5.650724682302145993,  3.023730221712998125,  6768.104018667599521, 0.00077345116370049740, 0.90163475067799515178, 1.02788833472643213285, 0.58370984944202095973, 4.21034719575847850726, -0.746973403180372,  1.202303528962626, 402.311939863333237,  0.000000000000000
  180000, 58283.08505035334,  -5855.316438602900,  -3355.808497366274,    539.688644218630,  1.953973699691474342, -4.382808553106770814, -5.985658711794528403,  6768.104089397886666, 0.00077344988973131754, 0.90163472445361362445, 1.02789305635085688104, 0.58370981120783283559, 2.01189249535675761141,  0.078776404480072, -1.446833030553252, 392.330054949340990,  0.000000000000000
  183600, 58283.12671702000,   2062.791912227523,   5095.843580106477,   3938.902866492059, -6.517599266121333914, -0.481275634434989572,  4.033949679165609149,  6768.104400327369010, 0.00077348051141206354, 0.90163468422013963541, 1.02787363385319703677, 0.58370976346504940011, 6.09219905443743022736,  0.625337276417883,  2.099236692319306, 392.116582987042420,  0.000000000000000
  187200, 58283.16838368667,   3420.620602486734,  -2668.987531704319,  -5199.518733829354,  5.727325210685733665,  4.950486444316045640,  1.231956122602394172,  6768.104155230996541, 0.00077344216395126967, 0.90163465496471800113, 1.02786765032254941805, 0.58370970028274845519, 3.89023971148607557603, -0.877099048095927, -0.011944118644252, 406.401320838570030,  0.000000000000000
  190800, 58283.21005035334,  -6100.294162386168,  -1967.631676306732,   2174.983977204933, -0.235322986548264508, -5.357598187263961891, -5.488516563476508058,  6768.103992894919904, 0.00077344778563696408, 0.90163463363045243234, 1.02787206338638463564, 0.58370965409934125819, 1.69161879781750330094,  0.327382596882246, -2.442913115402867, 392.789397619247836,  0.000000000000000
  194400, 58283.25171702000,   3767.989310023212,   4969.579557259518,   2617.441698603540, -5.446860272927332277,  1.367119812456785078,  5.237952995800948798,  6768.104335288248242, 0.00077346456382380461, 0.90163459670754787366, 1.02785734180520818082, 0.58370961155856666245, 5.77132025507828409338,  0.400676948668073,  1.047005729643807, 388.633697149582531,  0.000000000000000
  198000, 58283.29338368667,   1655.810414401590,  -3908.602019477586,  -5277.576881820730,  6.655734590546194520,  3.747580007966211477, -0.684112439141338636,  6768.104303516706297, 0.00077342156834681041, 0.90163456136488146782, 1.02786118136136657658, 0.58370954765857079928, 3.57022499454151782169, -0.895788627368466, -1.306253474490295, 407.720815935297878,  0.000000000000000
  201600, 58283.33505035334,  -5724.428014530008,   -379.221795558211,   3588.905597809429, -2.402236895088156357, -5.787631573968732641, -4.432231296589063755,  6768.103986481981804, 0.00077343679827625356, 0.90163454127605767430, 1.02786990463339465425, 0.58370949098115756731, 1.37116995934256622825,  0.560097013680961,  2.806962304179613, 394.926174549857933,  0.000000000000000
  205200, 58283.37671702000,   5088.848535256982,   4336.398327255995,   1028.983566972230, -3.821020230699211527,  3.075437527150083991,  5.907352884272408145,  6768.104205961825432, 0.00077344305658809342, 0.90163451086846066506, 1.02786375322408920227, 0.58370944981733580517, 5.45049601786552522561,  0.154989843951274,  0.042711326126727, 386.948221816544446,  0.000000000000000
  208800, 58283.41838368667,   -277.223483803239,  -4751.147399682339,  -4819.486109213836,  6.907787308130319105,  2.164362647322898174, -2.530113540901558982,  6768.104398972558286, 0.00077340544392268170, 0.90163447157431860109, 1.02787650704604336999, 0.58370939017646058481, 3.25025377350134009324, -0.794913283509971, -2.553013390643259, 406.024054311371401,  0.000000000000000
  212400, 58283.46005035334,  -4765.554418233895,   1247.790709091152,   4637.292814028263, -4.325945243939888709, -5.628312486093874885, -2.923629844672464821,  6768.104074608812754, 0.00077343292146032407, 0.90163444854432490462, 1.02788759278011228770, 0.58370932405979314629, 1.05054683516480776859,  0.756638392879761,  1.697659276809067, 397.396926286339806,  0.000000000000000
  216000, 58283.50171702000,   5890.873087811812,   3261.081412102013,   -664.402171121981, -1.806585445771328133,  4.469368471858468797,  5.974274284944486614,  6768.104075307034730, 0.00077343259897599626, 0.90163442530935215791, 1.02788609387508325242, 0.58370927873440332979, 5.12977249922787859439, -0.097441148929238, -0.945248881210452, 388.042515756552802,  0.000000000000000
  219600, 58283.54338368667,  -2182.102819680503,  -5111.117917273053,  -3871.878262308215,  6.458194621323019174,  0.361434483607236339, -4.118985514603706894,  6768.104402178769295, 0.00077340718549963012, 0.90163438625982430771, 1.02790062581734749868, 0.58370922572772488589, 2.93029077549032253226, -0.612136205866644,  2.596755584327825, 402.108432978653923,  0.000000000000000
  223200, 58283.58505035334,  -3321.005690789865,   2747.615524679818,   5213.055097016317, -5.809849379664870386, -4.895106161502296130, -1.116026005032276685,  6768.104218370403173, 0.00077344479871065827, 0.90163435746736326896, 1.02790742884709810517, 0.58370915453968561209, 0.72978474655218642843,  0.881633989004318,  0.475939056486605, 398.760256787423202,  0.000000000000000
  226800, 58283.62671702000,   6092.652568384731,   1853.461519531013,  -2290.107830117864,  0.390533997573128424,  5.407127253206661010,  5.432613872438964357,  6768.104005599886517, 0.00077343798786946676, 0.90163433916643716162, 1.02790331723361560209, 0.58370910022132336338, 4.80919816232288518769, -0.345542832194664, -1.943179358308501, 391.892995915607116,  0.000000000000000
  230400, 58283.66838368667,  -3865.332764243489,  -4951.930670950975,  -2530.991376294771,  5.352473408820539486, -1.478484067625903188, -5.289668954107834184,  6768.104316324438472, 0.00077342522978586750, 0.90163430488938386704, 1.02791233916706604642, 0.58370905247314190212, 2.61030720886970566742, -0.386263062848274,  1.549362342125261, 397.493588991779120,  0.000000000000000
  234000, 58283.71005035334,  -1537.813717506473,   3967.242922631971,   5257.218441321241, -6.701891208642174879, -3.662264887067101475,  0.806281370618319907,  6768.104353931937691, 0.00077346516722538617, 0.90163427025174417665, 1.02790996874013622862, 0.58370898210754978573, 0.40893476240503516783,  0.892803930495104, -0.820725142581420, 398.094155431315585,  0.000000000000000
  237600, 58283.75171702000,   5674.056051887013,    257.096647556708,  -3682.646081429386,  2.546319075958701230,  5.793838021355122006,  4.338378663939690660,  6768.104029825865525, 0.00077344858160720731, 0.90163425268802447802, 1.02789993734902608904, 0.58370891688191149611, 4.48880117599282287477, -0.576348928275722, -2.980643682318475, 397.439222329438735,  0.000000000000000
  241200, 58283.79338368667,  -5155.832279463828,  -4289.625054257603,   -932.963245334740,  3.702412003393102774, -3.168829563714311370, -5.923230322425956636,  6768.104185001230968, 0.00077344467214830398, 0.90163422609135977992, 1.02790208821460417538, 0.58370886976272873638, 2.29026596039050664216, -0.140425151056371,  0.547337770066006, 393.830172690791414,  0.000000000000000
  244800, 58283.83505035334,    402.248048472498,   4782.149832486148,   4765.072555321940, -6.910428744203719336, -2.055424566197540700,  2.646881937997756182,  6768.104422372676369, 0.00077347748972806409, 0.90163418845844562710, 1.02789234554054578893, 0.58370880509988131948, 0.08804216913630741112,  0.785119634621120, -2.062249497485505, 395.396290293263405,  0.000000000000000
  248400, 58283.87671702000,   4678.118265002700,  -1365.447669579680,  -4700.492077635044,  4.441585029148834942,  5.590958140636235944,  2.803640661754569329,  6768.104137283688129, 0.00077344921898550401, 0.90163416732899157795, 1.02788020020420047549, 0.58370873096088094026, 4.16857400117049346072, -0.768797699668362,  2.186241746651794, 402.967387847042801,  0.000000000000000
  252000, 58283.91838368667,  -5922.242046153000,  -3191.295520995283,    759.882867288819,  1.674996080281412125, -4.537894304298660525, -5.954872982509456449,  6768.104071617854536, 0.00077345105821379742, 0.90163414840145471324, 1.02788063655755256042, 0.58370867857165359161, 1.97011762271857287523,  0.111635994327608, -0.440162830732972, 392.262200474611461,  0.000000000000000
